data/layers/srad.ascnullzero.asc
NCOLS 818 
NROWS 1044 
XLLCORNER -124.541666667 
YLLCORNER 32.858333333 
CELLSIZE 0.00833333333374084 
NODATA_value -9999 
[rows 600 to 639 of 1044, columns 356 to 444 of 818]
15697 15653 15611 15611 15579 15582 15657 15660 15663 15702 15670 15675 15679 15719 15722 15726 15767 15773 15780 15789 15803 15809 15791 15771 15781 15805 15761 15776 15807 15830 15875 15890 15921 15923 15889 15890 15887 15929 15928 15893 15862 15915 15927 15952 15943 15926 15917 15947 15942 15944 15958 16002 16005 15999 15966 15930 15954 15952 15969 15992 15975 16014 16052 16071 16096 16112 16168 16160 16156 16137 16163 16198 16138 16144 16164 16182 16177 16158 16186 16191 16175 16213 16178 16224 16205 16200 16186 16144 16163
15724 15707 15689 15650 15616 15620 15623 15698 15665 15668 15707 15746 15750 15754 15758 15763 15768 15773 15781 15789 15796 15805 15785 15757 15779 15787 15788 15763 15781 15799 15858 15922 15933 15935 15964 15930 15941 15903 15905 15904 15872 15865 15908 15932 15917 15909 15891 15924 15955 15952 15983 16000 16015 16034 16007 15978 15927 15945 15952 15927 15959 15971 16012 16022 16079 16113 16125 16138 16130 16097 16087 16110 16101 16156 16154 16180 16186 16144 16182 16193 16196 16191 16164 16189 16232 16159 16139 16172 16170
15716 15695 15708 15691 15655 15658 15661 15664 15667 15706 15709 15749 15752 15719 15723 15764 15768 15773 15780 15823 15830 15837 15846 15822 15796 15806 15813 15792 15812 15788 15803 15857 15889 15893 15898 15913 15955 15907 15879 15870 15899 15863 15855 15915 15968 15914 15912 15977 15977 15966 15921 15950 16003 16020 16028 16028 15970 16005 16005 15982 15978 16001 15991 16046 16097 16071 16040 16078 16100 16142 16126 16067 16105 16096 16133 16148 16151 16152 16145 16199 16195 16213 16184 16220 16236 16224 16160 16109 16171
15759 15736 15733 15740 15732 15661 15663 15702 15705 15708 15711 15750 15754 15757 15760 15764 15805 15811 15781 15787 15757 15763 15809 15820 15830 15800 15772 15788 15796 15804 15816 15801 15865 15886 15858 15861 15894 15926 15924 15894 15892 15882 15877 15871 15877 15873 15869 15896 15918 15948 15937 15917 15956 15979 15986 15980 15993 16010 16015 16011 16044 16038 16051 16092 16107 16099 16013 16053 16025 16040 16048 16112 16107 16085 16098 16120 16144 16128 16165 16162 16160 16147 16195 16199 16179 16170 16182 16200 16211
15764 15779 15752 15732 15719 15706 15704 15704 15707 15711 15714 15753 15828 15831 15798 15802 15806 15811 15817 15786 15793 15766 15775 15819 15826 15796 15803 15777 15786 15796 15849 15873 15939 15943 15911 15914 15917 15919 15881 15887 15893 15888 15909 15873 15884 15870 15871 15896 15918 15907 15907 15894 15879 15927 15938 15989 15988 15988 15975 16020 16010 16019 16028 16038 16071 16063 16086 16083 16081 15984 16007 16039 16108 16117 16164 16152 16171 16145 16209 16206 16177 16159 16157 16162 16197 16151 16196 16231 16218
15765 15762 15775 15752 15732 15718 15711 15707 15709 15748 15752 15755 15758 15797 15836 15840 15844 15813 15817 15823 15794 15766 15738 15746 15787 15828 15836 15845 15822 15801 15832 15852 15944 15944 15947 15949 15949 15989 15961 15912 15913 15909 15898 15899 15898 15849 15864 15885 15913 15899 15933 15931 15915 15887 15855 15903 15989 16025 16027 16019 16024 15993 15960 16008 16062 16045 16076 16107 16081 16040 16022 16007 16022 16083 16157 16158 16174 16178 16245 16226 16184 16192 16132 16156 16196 16229 16220 16219 16183
15778 15757 15762 15743 15723 15705 15685 15716 15713 15715 15718 15757 15796 15799 15802 15842 15846 15850 15854 15824 15794 15801 15773 15779 15784 15824 15831 15804 15818 15843 15801 15873 15879 15913 15918 15961 15957 15965 15940 15950 15907 15907 15893 15894 15891 15838 15869 15867 15893 15897 15887 15892 15912 15925 15900 15905 15913 15998 16027 16027 16045 16063 16070 16014 16048 16069 16076 16084 16149 16147 16096 16069 16057 16035 16086 16159 16188 16205 16206 16186 16218 16225 16179 16238 16260 16249 16218 16211 16177
15739 15785 15786 15737 15723 15695 15672 15657 15685 15682 15684 15723 15762 15801 15840 15880 15883 15851 15854 15824 15830 15837 15843 15812 15816 15820 15827 15799 15816 15802 15831 15871 15878 15898 15897 15940 15910 15916 15920 15929 15891 15891 15889 15875 15882 15922 15859 15843 15871 15932 15916 15875 15883 15933 15937 15953 15962 15965 16003 15997 16051 16111 16132 16110 16093 16058 16081 16098 16110 16133 16147 16141 16135 16127 16151 16148 16133 16128 16141 16194 16240 16243 16230 16308 16278 16254 16238 16263 16244
15755 15777 15786 15732 15718 15682 15674 15679 15662 15655 15688 15725 15764 15803 15842 15846 15849 15852 15856 15861 15866 15872 15841 15882 15850 15818 15822 15827 15846 15834 15862 15907 15902 15860 15890 15930 15897 15939 15944 15915 15918 15960 15924 15917 15935 15936 15877 15863 15871 15913 15907 15930 15953 15963 15958 15962 15978 15940 15969 15967 16043 16095 16112 16139 16132 16077 16063 16077 16073 16130 16119 16142 16138 16122 16123 16131 16129 16150 16158 16188 16257 16219 16229 16299 16297 16269 16285 16282 16218
15755 15778 15801 15798 15744 15763 15774 15707 15753 15774 15768 15765 15767 15770 15809 15848 15815 15818 15822 15825 15866 15871 15877 15845 15812 15816 15856 15825 15802 15819 15844 15885 15921 15919 15920 15925 15927 15967 15936 15942 15956 15975 15974 15937 15965 15961 15899 15864 15903 15871 15908 15933 15942 15925 15950 15920 15934 15938 15947 15936 15934 16016 16072 16094 16077 16064 16035 16003 16111 16107 16157 16191 16200 16153 16128 16127 16125 16105 16117 16212 16279 16265 16271 16286 16262 16253 16282 16294 16261
15804 15789 15789 15795 15812 15732 15723 15757 15792 15797 15781 15778 15775 15774 15811 15814 15853 15856 15824 15827 15831 15871 15876 15880 15848 15852 15819 15823 15830 15842 15864 15884 15936 15945 15951 15969 15928 15928 15976 15989 15963 15938 15947 15946 15909 15909 15946 15922 15883 15855 15834 15891 15916 15906 15904 15920 15928 15936 15989 15985 16018 16016 16030 16050 16067 16119 16122 16050 16042 16099 16124 16130 16140 16136 16156 16112 16087 16094 16124 16150 16176 16210 16200 16238 16216 16209 16275 16243 16244
15767 15777 15803 15790 15778 15767 15780 15728 15732 15791 15840 15791 15788 15784 15817 15853 15819 15786 15826 15829 15832 15836 15875 15916 15848 15852 15891 15822 15828 15835 15847 15865 15880 15936 15930 15957 15969 15964 15974 15944 15952 15925 15931 15940 15971 15951 15945 15935 15915 15905 15872 15895 15897 15893 15835 15882 15928 15908 15953 15976 16029 16032 16025 16047 16046 16109 16160 16134 16101 16089 16061 16088 16096 16128 16140 16125 16153 16138 16107 16134 16139 16161 16156 16230 16224 16239 16255 16225 16248
15790 15790 15820 15807 15809 15796 15805 15759 15718 15697 15750 15774 15801 15795 15829 15826 15822 15825 15792 15831 15870 15874 15877 15880 15884 15852 15855 15858 15863 15833 15839 15891 15900 15908 15919 15945 15953 15961 15967 15973 15947 15954 15963 15945 15986 15976 15943 15956 15903 15912 15835 15882 15889 15897 15909 15886 15892 15909 15950 15938 15974 16026 16027 16027 16052 16085 16123 16142 16106 16067 16057 16104 16078 16096 16154 16165 16157 16193 16227 16201 16168 16177 16179 16194 16214 16201 16211 16217 16244
15774 15800 15782 15844 15825 15793 15813 15751 15713 15692 15738 15761 15780 15810 15807 15801 15795 15792 15794 15797 15836 15875 15879 15882 15885 15889 15856 15859 15863 15868 15875 15882 15887 15894 15941 15928 15953 15964 15943 15947 15955 15994 15966 15936 15931 15990 15965 15965 15951 15914 15874 15894 15950 15866 15915 15918 15894 15904 15904 15931 15929 15935 15974 15986 15999 16030 16071 16125 16136 16112 16077 16064 16111 16139 16168 16153 16167 16158 16189 16168 16160 16176 16165 16201 16201 16225 16209 16214 16222
15787 15811 15827 15817 15785 15829 15845 15770 15749 15745 15773 15796 15812 15792 15817 15809 15805 15805 15802 15801 15803 15842 15881 15885 15888 15891 15894 15861 15864 15905 15874 15879 15885 15888 15897 15915 15934 15945 15927 15946 15940 15943 15957 15919 15911 15891 15923 15992 15996 15962 15914 15921 15920 15917 15880 15884 15887 15897 15896 15896 15926 15928 15935 15997 16008 16010 16066 16098 16124 16146 16140 16115 16181 16199 16177 16158 16172 16144 16155 16157 16172 16182 16211 16185 16180 16202 16229 16208 16206
15805 15829 15794 15803 15824 15812 15813 15829 15792 15773 15784 15743 15767 15791 15801 15824 15856 15854 15850 15849 15809 15808 15811 15814 15854 15893 15896 15899 15867 15870 15839 15843 15920 15924 15930 15940 15954 15971 15952 15964 15928 15892 15901 15908 15927 15878 15877 15882 15895 15900 15871 15871 15905 15921 15874 15914 15921 15968 15964 15967 15965 16000 15969 15982 15999 16013 16021 16035 16083 16099 16165 16176 16186 16195 16219 16232 16207 16193 16197 16181 16188 16198 16218 16234 16263 16272 16204 16225 16197
15786 15782 15805 15812 15827 15841 15864 15821 15866 15855 15791 15814 15812 15790 15798 15818 15839 15833 15829 15824 15819 15811 15850 15816 15891 15858 15861 15864 15904 15872 15875 15879 15884 15924 15963 15971 15982 15959 15938 15941 15954 15959 15925 15931 15904 15923 15938 15903 15875 15901 15869 15922 15950 15915 15902 15912 15920 15925 15963 15924 15962 15962 15977 16022 16024 16037 16054 16066 16070 16059 16119 16212 16180 16159 16169 16176 16192 16262 16195 16174 16180 16231 16263 16295 16325 16255 16213 16187 16185
15732 15762 15789 15826 15820 15844 15875 15900 15927 15932 15892 15911 15872 15840 15828 15840 15831 15816 15843 15840 15834 15824 15781 15819 15822 15789 15828 15831 15870 15873 15877 15880 15883 15924 15928 15931 15939 15949 15959 15933 15944 15965 15959 15960 15964 15939 15951 15950 15920 15870 15880 15912 15927 15941 15943 15942 15921 15960 15959 15955 15956 16005 16009 16025 16045 16051 16102 16105 16073 16082 16145 16205 16187 16214 16201 16168 16225 16250 16244 16220 16205 16207 16241 16283 16296 16246 16188 16151 16195
15757 15775 15761 15823 15848 15895 15856 15943 15955 15991 16000 15934 15909 15929 15889 15883 15830 15807 15828 15860 15812 15838 15903 15825 15789 15792 15831 15834 15837 15840 15879 15918 15921 15924 15963 15966 15934 15939 15948 15959 15945 15964 15974 15960 15996 16003 15977 15941 15937 15923 15901 15860 15934 15972 15950 15906 15905 15945 15949 15950 15964 16008 16050 16058 16077 16024 16018 16100 16102 16142 16161 16209 16208 16220 16215 16209 16214 16234 16272 16289 16287 16218 16249 16258 16260 16182 16181 16182 16202
15747 15757 15780 15803 15815 15835 15878 15927 15945 15986 16002 15979 16002 15970 15888 15942 15879 15841 15818 15808 15829 15853 15842 15839 15832 15794 15797 15800 15804 15806 15773 15848 15851 15890 15894 15933 15936 15903 15907 15922 15970 15988 15971 15969 15992 16002 15974 15969 15933 15930 15934 15957 15926 15930 15934 15937 15934 15937 15943 15953 15958 15966 16012 16055 16065 16049 16063 16053 16057 16100 16109 16156 16213 16233 16270 16254 16219 16229 16237 16256 16267 16268 16243 16243 16270 16259 16248 16247 16230
15863 15874 15836 15854 15884 15918 15912 15918 15942 15976 16021 15997 16012 16015 15963 15938 15886 15882 15868 15840 15852 15870 15859 15854 15844 15839 15836 15839 15842 15809 15812 15815 15854 15857 15897 15900 15939 15941 15944 15920 15975 15986 16000 16014 16045 16030 16011 16001 15966 16000 16007 16013 15947 15919 15959 15933 15933 15975 16028 15993 15969 16010 16017 16059 16071 16077 16097 16069 16019 16026 16108 16115 16168 16222 16235 16243 16237 16229 16240 16215 16212 16214 16235 16232 16316 16346 16337 16320 16289
15897 15904 15882 15956 15902 15888 15922 15943 15997 16030 16056 16075 16070 16091 16042 16011 15964 15970 15936 15912 15887 15857 15876 15902 15893 15923 15918 15883 15846 15848 15814 15853 15857 15860 15899 15866 15834 15836 15910 15950 15966 15953 15970 15941 15937 15989 15982 15995 15996 16040 16055 15988 15961 15963 15973 16024 16028 15985 15995 16006 16013 16062 16064 16108 16074 16083 16095 16114 16067 16058 16065 16108 16149 16201 16211 16189 16194 16216 16205 16204 16207 16215 16198 16233 16268 16298 16308 16312 16320
15910 15918 15935 15951 15933 15900 15896 15921 15981 16000 16020 16031 16028 16069 16070 16044 16027 16030 15984 15947 15908 15891 15898 15920 15945 15933 15929 15963 15926 15890 15891 15892 15859 15826 15829 15796 15836 15875 15877 15915 15925 16019 15990 16031 16038 16018 16024 16034 16047 16054 16063 15998 16005 15974 15981 15991 16036 16037 16041 16053 16063 16107 16111 16080 16085 16092 16139 16156 16130 16109 16100 16101 16143 16153 16167 16184 16165 16183 16210 16258 16262 16250 16232 16253 16233 16268 16286 16303 16293
15913 15929 15903 15926 15923 15923 15897 15913 15917 15959 15984 16006 16013 16044 16018 15999 16019 16027 16061 16002 15951 15915 15926 15897 15879 15907 15942 15935 15932 15932 15932 15934 15934 15901 15868 15835 15874 15877 15915 15954 15957 15967 15973 15980 16020 16060 16009 16010 15975 15979 16029 16041 16018 15983 16022 16065 16036 16042 16048 16056 16066 16073 16078 16080 16052 16059 16102 16114 16126 16133 16122 16111 16105 16150 16161 16136 16145 16129 16201 16235 16262 16251 16275 16215 16221 16241 16298 16302 16301
15962 15915 15890 15906 15919 15940 15934 15930 15936 15956 15968 16031 15992 16026 16029 16039 16052 16009 16034 16060 16044 16007 15965 15922 15928 15923 15916 15947 15939 15973 15974 15938 15938 15976 15942 15909 15912 15879 15882 15957 15995 15999 15966 15970 16010 16027 16046 16013 16018 15987 15991 16000 16051 16023 16030 15996 16070 16079 16051 16055 16065 16076 16074 16080 16018 16058 16062 16072 16090 16097 16138 16162 16151 16145 16149 16162 16150 16174 16155 16184 16228 16260 16232 16254 16254 16265 16289 16338 16325
15953 15949 15935 15921 15925 15975 15930 15911 15942 15945 15959 15997 16001 16028 16031 16048 16040 16061 16038 16071 16057 15984 15941 15939 15912 15896 15922 15914 15946 15979 15979 15979 15942 15942 15945 15948 15951 15955 15922 15925 15927 15965 15968 15971 15975 16028 16039 16044 15976 15981 15985 15958 15974 16020 15989 15994 16034 16040 16089 16101 16071 16068 16077 16115 16086 16055 16062 16085 16082 16138 16160 16152 16135 16124 16110 16154 16141 16132 16163 16158 16222 16212 16228 16247 16241 16309 16303 16311 16340
15905 15951 15955 15960 15938 15974 15956 15906 15932 15933 15944 15955 15966 15986 16033 16056 16045 16052 16026 16009 16034 15982 15912 15928 15883 15932 15924 15991 15987 15984 15983 15982 16019 16018 15984 15988 15956 15923 15925 15964 15967 15933 15935 15973 15976 16022 16030 16041 16012 15979 15984 15990 15963 15975 15989 16032 16041 16050 16087 16059 16064 16066 16074 16080 16125 16088 16074 16038 16047 16142 16156 16131 16194 16188 16169 16146 16116 16136 16156 16159 16135 16205 16211 16226 16237 16231 16286 16354 16338
15950 15978 15957 15965 15930 15949 15923 15941 15965 16001 16005 16017 16001 16014 16021 16034 16028 16038 15995 15995 15981 15908 15893 15911 15889 15908 15948 15972 15998 16023 16022 15986 15986 15985 16023 15956 15959 15962 15964 16003 16006 16008 15974 15977 15979 16018 16024 16009 16022 16020 16026 15998 16038 16045 16060 16074 16081 16081 16047 16059 16024 15999 16037 16079 16083 16083 16106 16103 16089 16097 16120 16109 16096 16122 16126 16144 16114 16122 16140 16126 16093 16099 16147 16191 16282 16263 16253 16288 16354
15952 15994 15957 16002 16006 15982 15941 15954 15937 16003 15965 16029 16074 16080 16046 16026 16020 16102 16012 15971 15989 15984 15965 15908 15929 15953 15971 15951 15970 15922 15917 15916 15952 15987 15991 15996 15999 16037 16040 16006 16008 16009 16012 15979 15982 15984 15951 15963 16012 16051 16060 16032 16037 16047 16054 16061 16069 16045 16053 16058 16031 16033 16071 16079 16037 16050 16089 16105 16121 16127 16092 16091 16114 16109 16104 16123 16112 16073 16124 16101 16124 16152 16120 16153 16267 16283 16227 16264 16317
16039 16019 15985 15997 15990 16016 16023 15982 15964 15960 15980 15998 16016 16031 16043 16027 16015 16035 16023 15970 16008 15964 15986 15954 15929 15918 15936 15907 15923 15897 15920 15919 15953 15954 15996 15999 15965 16004 16042 16044 16010 16012 16014 16017 15984 15987 15990 15992 15961 15974 16022 16068 16073 16045 16045 16053 16068 16085 16052 16065 16068 16065 16038 16069 16032 16042 16064 16068 16107 16095 16104 16109 16106 16093 16107 16073 16102 16107 16108 16081 16107 16158 16187 16150 16190 16214 16201 16222 16243
15985 15984 16003 15990 15960 15982 16009 15985 16002 16000 16026 15969 15963 16024 16005 16068 16011 15988 15970 15962 15998 15998 15987 15930 15925 15918 15917 15881 15858 15836 15927 15884 15919 15959 15964 15966 15968 16006 16044 16047 16013 16051 16053 16056 16060 16027 15956 16031 16034 16003 15980 16063 16066 16072 16045 16058 16065 16073 16079 16087 16092 16106 16107 16063 16080 16062 16034 16067 16075 16079 16084 16093 16061 16078 16089 16096 16090 16029 16088 16124 16122 16131 16113 16153 16181 16130 16204 16238 16159
16047 16029 16016 16030 16039 15992 16007 15989 15966 15945 15985 16017 16001 16016 16030 16052 16028 16044 15986 15979 16011 16021 15991 15982 15936 15880 15913 15883 15849 15845 15819 15885 15924 15964 15967 15969 15971 15973 15975 16013 16051 16053 16056 16060 16064 16067 16030 15997 16001 16040 16049 16025 16029 16075 16084 16131 16099 16098 16108 16083 16094 16101 16094 16108 16083 16094 16061 16108 16101 16077 16070 16075 16048 16056 16078 16078 16064 16035 16113 16127 16113 16132 16111 16118 16124 16148 16196 16189 16164
16056 16042 16047 16025 16047 16042 16054 16029 16010 16008 15982 16011 16010 16038 16055 16030 16016 16010 16034 16015 16032 16008 15980 15966 15929 15905 15895 15832 15808 15844 15820 15924 15929 15971 16007 16008 16010 16013 16015 16017 16020 16024 16064 16030 16068 16034 16034 16035 16003 16042 16046 16056 16064 16073 16081 16129 16165 16131 16105 16157 16125 16129 16124 16104 16116 16086 16095 16131 16088 16124 16116 16086 16043 16047 16060 16065 16062 16077 16077 16117 16119 16088 16157 16176 16143 16131 16139 16140 16190
16027 16088 16083 16054 16096 16114 16074 16031 16021 16011 16018 16001 16013 16024 16001 16016 16008 16013 16016 15990 15990 16005 15972 15994 16011 15971 15947 15907 15891 15897 15931 15937 15936 16000 16015 16038 16037 16035 16065 16063 16064 16067 16070 16072 16037 16037 16038 16038 16041 16008 16048 16091 16063 16073 16090 16093 16126 16136 16109 16115 16118 16079 16088 16104 16095 16106 16117 16113 16146 16071 16075 16094 16099 16087 16053 16057 16066 16091 16113 16128 16112 16158 16175 16149 16129 16166 16159 16151 16152
16002 16038 16081 16027 16055 16044 16036 15988 16047 16021 15960 15970 15981 15967 16002 16034 16031 16043 16051 16008 15961 15958 16000 16007 15977 15978 15973 15968 15900 15928 15979 16008 16023 16031 16033 16044 16068 16063 16087 16039 16037 16037 16039 16040 16041 16006 16042 16041 16043 16046 16050 16019 16026 16074 16087 16125 16126 16138 16103 16103 16140 16139 16068 16042 16053 16130 16138 16135 16100 16065 16069 16090 16112 16114 16094 16095 16108 16125 16132 16111 16126 16148 16155 16161 16171 16179 16182 16179 16153
16031 16032 16000 16033 16072 16057 16022 15975 16044 16041 15983 15954 16002 16002 15994 16062 16079 16070 16078 16062 16032 16033 15993 16028 16030 15997 16000 16018 15969 15989 16024 16051 16015 15988 16008 16035 16053 16092 16065 16096 16083 16043 16045 16045 16009 16009 16009 16008 16045 16049 16052 16092 16100 16071 16082 16121 16126 16095 16092 16092 16075 16102 16115 16159 16182 16162 16129 16143 16076 16074 16078 16136 16134 16105 16089 16071 16103 16148 16162 16177 16185 16169 16180 16187 16159 16131 16131 16142 16160
16049 16081 16059 16057 16074 16032 16032 16031 15989 16063 16044 16036 16025 16028 16034 16020 16042 16022 15986 16028 16054 16060 16093 16097 16095 16065 16025 16044 16016 16002 16024 16026 16010 15992 16037 16050 16063 16085 16088 16093 16067 16052 16052 16049 16012 15976 15976 16047 16048 16087 16091 16058 16064 16070 16078 16084 16086 16090 16052 16018 16069 16124 16169 16179 16180 16137 16138 16155 16158 16122 16096 16147 16163 16141 16151 16142 16120 16112 16150 16161 16177 16194 16169 16171 16178 16150 16133 16165 16160
16069 16116 16074 16086 16079 16085 16026 16008 16028 16005 16016 16033 16053 16053 16017 16025 16008 16031 16058 16011 16048 16099 16093 16106 16105 16078 16108 16087 16061 16015 16021 16010 16003 16000 15996 16011 16066 16092 16115 16093 16030 16038 16076 16062 16017 16014 15978 15977 16015 16090 16129 16097 16065 16036 16077 16119 16086 16086 16052 16020 16037 16050 16096 16175 16168 16181 16151 16164 16211 16184 16180 16152 16088 16132 16150 16124 16114 16092 16127 16158 16165 16181 16197 16162 16131 16147 16174 16210 16183
16054 16033 16090 16093 16099 16106 16113 16075 16050 16049 16041 16029 16043 16028 16036 16028 16033 16046 16086 16066 16039 16048 16139 16151 16119 16071 16065 16091 16072 16044 16069 16032 16026 16053 16080 16050 16116 16104 16108 16079 16094 16067 16107 16092 16107 16056 15981 15981 16017 16019 16023 16099 16067 16072 16078 16118 16121 16086 16090 16068 16044 16086 16089 16089 16132 16180 16197 16169 16178 16183 16191 16154 16124 16132 16138 16153 16162 16124 16114 16134 16164 16206 16182 16194 16173 16186 16197 16178 16159
16107 16111 16070 16110 16097 16124 16096 16066 16067 16068 16093 16074 16071 16070 16074 16097 16099 16109 16107 16106 16041 16076 16130 16143 16130 16121 16108 16115 16073 16079 16089 16088 16066 16052 16080 16053 16091 16113 16094 16085 16121 16121 16079 16095 16145 16063 16058 16058 16020 16022 16025 16029 16033 16038 16079 16119 16157 16124 16099 16108 16075 16079 16085 16131 16137 16140 16150 16161 16164 16168 16140 16109 16123 16137 16150 16124 16167 16101 16132 16119 16119 16139 16142 16152 16167 16176 16192 16158 16177
