data/layers/srad.ascnullzero.asc
NCOLS 818 
NROWS 1044 
XLLCORNER -124.541666667 
YLLCORNER 32.858333333 
CELLSIZE 0.00833333333374084 
NODATA_value -9999 
[rows 560 to 599 of 1044, columns 712 to 800 of 818]
17359 17326 17330 17333 17337 17340 17305 17233 17159 17192 17204 17286 17327 17331 17297 17263 17192 17157 17161 17165 17132 17135 17176 17292 17332 17337 17340 17305 17233 17197 17203 17284 17363 17405 17410 17452 17490 17636 17764 17862 17930 18002 17959 17956 17841 17691 17620 17662 17705 17747 17751 17832 17912 17955 18037 18112 18144 18153 18164 18173 18184 18155 18157 18162 18136 18142 18144 18107 18075 18080 18122 18082 18077 18119 18112 18095 18107 18183 18223 18191 18217 18208 18196 18190 18179 18175 18206 18200 18201
17324 17253 17294 17336 17339 17304 17308 17311 17276 17195 17192 17244 17252 17370 17336 17264 17193 17084 17051 17055 17095 17099 17216 17255 17333 17374 17340 17306 17308 17162 17092 17171 17211 17257 17337 17414 17455 17597 17687 17830 17940 18012 18005 18000 17998 17884 17659 17587 17668 17710 17714 17833 17837 17918 17922 18051 18133 18148 18198 18209 18181 18190 18151 18164 18177 18144 18109 18112 18155 18121 18124 18127 18118 18105 18108 18121 18129 18136 18189 18195 18172 18201 18231 18222 18203 18196 18192 18189 18246
17325 17329 17296 17262 17303 17344 17347 17350 17277 17239 17193 17198 17211 17216 17255 17261 17230 17159 17088 17055 17171 17213 17218 17220 17295 17298 17263 17267 17197 17088 17091 17093 17212 17295 17376 17530 17603 17628 17690 17800 17870 17903 17973 17967 17925 17887 17851 17703 17593 17711 17754 17758 17839 17881 17923 17970 18131 18189 18195 18205 18217 18224 18187 18166 18139 18183 18188 18115 18119 18122 18118 18041 18075 18140 18136 18159 18146 18139 18149 18144 18164 18207 18238 18219 18189 18181 18177 18177 18180
17326 17369 17335 17302 17267 17345 17347 17312 17272 17191 17192 17240 17249 17256 17263 17269 17273 17314 17280 17284 17325 17329 17370 17336 17300 17189 17116 17081 17046 17010 17016 17023 17104 17184 17303 17492 17673 17779 17851 17842 17913 17946 18019 18013 17969 17852 17816 17819 17823 17827 17832 17836 17878 17920 18001 18006 18163 18223 18225 18235 18214 18180 18144 18166 18177 18106 18112 18078 18044 18125 18126 18169 18128 18130 18134 18162 18171 18191 18197 18215 18197 18190 18239 18255 18212 18164 18162 18165 18166
17290 17333 17336 17340 17343 17346 17274 17200 17116 17112 17244 17291 17410 17376 17380 17384 17350 17354 17320 17322 17326 17369 17448 17376 17266 17230 17083 16935 16939 16977 16986 17064 17146 17151 17117 17228 17561 17634 17816 17884 17920 17956 17989 17983 17977 17935 17858 17822 17863 17944 17948 17914 17918 17960 18003 18122 18183 18216 18218 18224 18201 18175 18102 18115 18132 18105 18112 18080 18007 17972 18053 18096 18100 18104 18067 18134 18155 18200 18177 18141 18138 18168 18174 18203 18163 18193 18190 18191 18194
17291 17334 17335 17337 17344 17346 17312 17200 17110 17197 17288 17295 17375 17454 17420 17386 17352 17318 17283 17286 17291 17332 17374 17416 17381 17308 17236 17239 17167 17132 17100 17068 17149 17227 17228 17302 17452 17637 17822 17932 17928 17963 17957 17951 17907 17864 17862 17864 17866 17869 17911 17992 17996 18000 18042 18085 18142 18203 18209 18177 18190 18164 18132 18150 18128 18102 18111 18120 18125 17974 17899 17980 18024 18028 18070 18106 18176 18251 18233 18188 18115 18122 18124 18092 18123 18116 18192 18180 18182
17217 17298 17335 17334 17342 17348 17273 17152 17151 17208 17293 17373 17377 17418 17460 17426 17354 17282 17285 17287 17291 17333 17376 17418 17383 17307 17234 17237 17242 17211 17105 17072 17076 17155 17268 17495 17494 17718 17788 17899 17934 17924 17956 17952 17909 17866 17904 17906 17868 17871 17951 17955 18036 18040 18044 18086 18129 18137 18165 18171 18179 18153 18160 18180 18162 18139 18149 18159 18126 18053 17975 17943 18027 18106 18067 18105 18145 18178 18247 18291 18213 18173 18131 18115 18112 18106 18135 18171 18172
17181 17222 17332 17330 17338 17311 17312 17224 17124 17178 17296 17375 17416 17381 17386 17390 17394 17322 17287 17251 17293 17298 17378 17419 17422 17384 17273 17166 17172 17251 17255 17260 17152 17119 17231 17380 17532 17569 17650 17756 17863 17924 17955 17991 17949 17945 17906 17907 17909 17912 17915 17995 18037 18042 18084 18049 18053 18097 18110 18168 18179 18182 18153 18170 18196 18173 18108 18120 18167 18132 18055 17985 17951 18031 18112 18113 18155 18196 18239 18232 18240 18211 18123 18104 18099 18096 18091 18124 18124
17213 17222 17217 17251 17300 17312 17270 17218 17240 17210 17216 17261 17417 17460 17426 17430 17434 17399 17327 17291 17257 17338 17379 17383 17424 17387 17275 17206 17246 17284 17289 17297 17267 17234 17235 17235 17390 17580 17692 17680 17750 17852 17965 17999 17993 17952 17949 17910 17873 17876 17917 17921 17963 18043 18047 18089 18093 18059 18064 18110 18171 18137 18147 18165 18227 18213 18147 18121 18130 18056 18056 17987 17915 17918 17999 18119 18159 18158 18159 18195 18215 18191 18135 18060 18050 18086 18083 18079 18076
17211 17221 17214 17246 17338 17311 17186 17172 17242 17292 17298 17341 17421 17424 17428 17432 17397 17400 17366 17332 17260 17302 17381 17422 17426 17429 17278 17166 17133 17137 17107 17152 17194 17197 17236 17310 17462 17617 17726 17793 17864 17863 17934 18005 18039 18035 18032 17915 17915 17879 17806 17885 17926 17968 18010 18014 18056 18060 18065 18073 18121 18208 18217 18194 18213 18237 18179 18159 18092 17982 17867 17756 17799 17837 17881 17967 18123 18201 18208 18204 18223 18208 18166 18107 18080 18076 18036 18071 18068
17313 17252 17242 17230 17328 17270 17228 17235 17238 17254 17375 17381 17423 17427 17430 17396 17324 17326 17329 17296 17300 17341 17420 17423 17390 17356 17358 17133 17026 17031 17110 17189 17232 17162 17127 17238 17499 17723 17759 17871 17904 17978 17974 17970 18005 18002 18038 17958 17881 17845 17847 17811 17890 17970 17973 17977 17980 17984 17989 18034 18041 18125 18172 18187 18205 18193 18216 18200 18095 17984 17946 17830 17832 17839 17845 17892 17973 18129 18172 18130 18229 18184 18147 18117 18120 18109 18065 18063 18060
17394 17362 17392 17428 17446 17406 17329 17382 17429 17372 17378 17421 17425 17391 17395 17398 17364 17367 17332 17336 17338 17341 17345 17387 17354 17395 17322 17287 17214 17105 17108 17189 17308 17464 17431 17546 17542 17695 17766 17834 17902 17976 18013 18013 18011 18047 18044 18080 17963 17925 17889 17853 17893 17934 17975 17940 17944 17985 18028 18034 18039 18084 18168 18181 18200 18190 18178 18199 18172 18101 18026 17948 17910 17921 18004 18009 18051 18007 18076 18173 18230 18251 18275 18221 18133 18100 18095 18055 18015
17460 17482 17504 17502 17450 17442 17410 17360 17287 17259 17300 17305 17348 17391 17397 17362 17404 17407 17411 17415 17380 17383 17310 17275 17241 17206 17172 17136 17066 17071 16961 17076 17269 17352 17433 17546 17734 17808 17808 17879 17947 17986 17983 18020 18094 18092 18050 18010 18008 17969 17970 17972 17974 17975 17977 17980 17984 17987 18029 18073 18077 18082 18126 18175 18239 18259 18247 18235 18132 18141 18144 18104 18025 18031 18157 18203 18207 18207 18199 18236 18284 18321 18294 18267 18176 18094 18086 18085 18047
17550 17514 17527 17493 17493 17454 17413 17412 17380 17162 17094 17066 17114 17124 17207 17249 17329 17371 17413 17417 17420 17424 17426 17429 17357 17209 17099 16951 16920 16962 16967 17010 17088 17243 17397 17399 17587 17734 17845 17843 17918 17991 18027 18063 18061 18020 18018 18016 18014 18012 17974 17937 17938 17978 17979 17981 17985 17989 18030 18035 18078 18083 18087 18094 18194 18250 18273 18269 18287 18258 18224 18187 18107 18036 18085 18167 18246 18251 18255 18294 18281 18214 18230 18243 18171 18106 18083 18079 18079
17440 17490 17500 17506 17543 17506 17475 17441 17438 17410 17340 17269 17195 17159 17123 17091 17176 17183 17339 17381 17421 17425 17467 17433 17398 17402 17329 17219 17072 17003 17082 17162 17166 17207 17286 17402 17478 17628 17775 17843 17918 17917 17992 18029 18065 18025 17984 18020 18018 18016 18015 17977 17940 17941 17942 17906 17910 17952 17993 18036 18041 18084 18127 18133 18142 18196 18229 18262 18245 18258 18226 18151 18149 18080 18010 18015 18133 18215 18292 18284 18279 18290 18284 18246 18186 18077 18043 18038 18076
17358 17373 17388 17397 17436 17475 17518 17524 17523 17529 17536 17504 17469 17473 17400 17326 17178 17143 17186 17231 17236 17315 17394 17435 17439 17365 17369 17371 17298 17304 17308 17349 17391 17394 17401 17481 17482 17590 17777 17889 17846 17920 17956 17993 18030 18029 18028 18026 18024 18022 18019 18017 17980 17942 17944 17908 17911 17915 17956 18038 18042 18085 18090 18095 18139 18156 18275 18302 18285 18221 18151 18038 17920 17887 17894 17939 18020 18101 18215 18301 18304 18307 18294 18241 18201 18103 18107 18088 18076
17366 17414 17387 17360 17366 17443 17448 17489 17491 17494 17501 17507 17511 17476 17517 17520 17525 17490 17416 17304 17272 17278 17283 17362 17365 17331 17296 17298 17262 17227 17268 17236 17203 17285 17403 17442 17557 17673 17672 17747 17817 17846 17920 17959 17959 17997 18034 18032 18069 18066 18024 18021 17981 17944 17984 17986 18028 18032 18034 18077 18082 18086 18052 18095 18100 18147 18173 18251 18280 18259 18153 18040 17921 17809 17858 17865 17984 18025 18184 18265 18260 18288 18341 18321 18292 18234 18144 18091 18075
17443 17420 17391 17363 17370 17373 17414 17455 17458 17498 17428 17433 17399 17403 17444 17485 17489 17455 17496 17498 17465 17469 17472 17439 17404 17407 17412 17301 17113 17075 16969 16899 16907 17138 17367 17522 17640 17639 17672 17746 17780 17812 17928 18005 18043 18042 18040 18077 18074 18071 18068 18026 17985 17985 17949 17990 18031 18034 18075 18039 18045 18049 18054 18097 18140 18185 18204 18210 18243 18183 18116 18081 17925 17846 17932 18016 18021 18066 18147 18298 18252 18339 18293 18349 18328 18323 18232 18122 18124
17442 17458 17427 17472 17403 17409 17453 17459 17462 17464 17468 17435 17401 17405 17408 17450 17453 17456 17423 17463 17430 17433 17397 17402 17404 17408 17451 17417 17307 17084 16936 16939 17017 17172 17253 17484 17452 17644 17678 17710 17784 17820 17896 17934 17972 18009 18008 18006 18118 18114 18072 18030 17989 17989 17990 17992 17995 17997 18000 18041 18045 18089 18093 18098 18102 18107 18120 18158 18200 18186 18195 18160 18047 17963 17922 18008 18097 18106 18109 18183 18271 18275 18354 18360 18352 18367 18315 18260 18184
17442 17456 17463 17468 17475 17445 17416 17461 17465 17468 17433 17437 17403 17406 17410 17452 17454 17458 17462 17465 17432 17396 17398 17403 17406 17408 17451 17493 17460 17424 17314 17203 17202 17174 17257 17374 17492 17645 17756 17789 17787 17825 17863 17902 17978 17976 18013 18010 18007 18042 18039 18035 17993 17992 17993 17995 17997 17999 17963 17966 18008 18051 18056 18060 18103 18108 18153 18144 18112 18180 18150 18160 18203 18124 18043 18010 18064 18108 18073 18077 18117 18238 18320 18318 18313 18317 18326 18282 18256
17484 17450 17422 17470 17477 17484 17454 17461 17428 17432 17436 17440 17405 17371 17374 17415 17457 17461 17464 17468 17472 17436 17401 17404 17408 17409 17451 17457 17499 17498 17466 17394 17282 17178 17185 17263 17416 17568 17724 17799 17793 17792 17792 17867 17943 17979 18016 17975 18011 18008 18043 18039 18036 17996 17996 17997 17999 18001 17965 17967 17971 18013 18018 18061 18066 18071 18115 18210 18202 18153 18186 18278 18284 18249 18168 18052 18023 18030 18032 18035 18119 18125 18245 18325 18317 18303 18309 18234 18240
17501 17501 17460 17430 17442 17486 17454 17461 17466 17434 17400 17404 17369 17334 17337 17379 17421 17387 17391 17432 17436 17439 17403 17329 17294 17372 17377 17421 17424 17425 17429 17395 17394 17366 17298 17302 17344 17461 17653 17763 17803 17798 17794 17830 17868 17906 17981 18017 18014 17972 17969 17966 17963 18000 17999 17999 18001 17965 17967 17969 17972 18014 18019 18063 18067 18111 18119 18172 18231 18229 18177 18153 18241 18289 18290 18171 18053 18019 18025 18035 18084 18166 18208 18248 18321 18292 18272 18313 18339
17469 17510 17472 17469 17438 17408 17417 17425 17430 17397 17364 17217 17259 17262 17227 17192 17309 17350 17317 17359 17400 17402 17367 17257 17072 17071 17265 17420 17423 17426 17392 17355 17319 17253 17260 17342 17384 17424 17575 17734 17776 17770 17762 17798 17798 17912 17986 18022 18019 18016 18012 17972 17969 17967 17927 17926 17965 18005 17969 17971 17936 17977 18021 18064 18107 18112 18157 18173 18195 18219 18243 18223 18199 18249 18218 18181 18179 18096 18025 18117 18164 18165 18163 18279 18317 18310 18358 18367 18379
17439 17442 17403 17474 17485 17450 17453 17426 17432 17476 17442 17370 17298 17189 17116 17119 17123 17165 17206 17247 17288 17327 17330 17369 17223 17037 16965 17081 17159 17050 16979 16981 16913 17034 17227 17382 17461 17578 17619 17700 17780 17777 17810 17844 17880 17992 17991 18065 18062 18021 17981 17940 17900 17859 17857 17856 17854 17894 17934 17975 17862 17978 17983 18026 18108 18112 18156 18167 18182 18203 18239 18265 18244 18253 18219 18185 18148 18146 18071 18083 18126 18167 18210 18293 18335 18374 18370 18323 18366
17404 17332 17331 17326 17416 17496 17456 17463 17472 17440 17406 17334 17187 17116 17081 17084 17088 17204 17282 17322 17326 17292 17258 17223 17226 17189 16967 16786 16678 16569 16537 16765 16845 16962 17191 17345 17462 17543 17621 17664 17666 17742 17783 17813 17922 17998 18035 18071 18030 17990 17988 17986 17984 17943 17940 17938 17937 17937 17938 17940 17903 17903 17983 18027 18070 18113 18118 18124 18211 18247 18244 18263 18283 18254 18221 18148 18069 18028 18075 18085 18090 18132 18212 18216 18298 18297 18322 18299 18334
17405 17370 17372 17332 17379 17387 17464 17387 17394 17364 17331 17298 17302 17230 17196 17161 17202 17243 17245 17287 17291 17332 17336 17226 17153 17117 17009 16827 16716 16610 16503 16546 16771 16958 16964 17156 17350 17464 17546 17590 17669 17711 17789 17859 17891 17927 17962 17998 18036 18034 17994 17992 17990 17949 18023 18021 18022 18022 18022 18021 17982 17944 17907 17989 18032 18037 18080 18123 18167 18201 18278 18225 18204 18210 18221 18187 18069 17991 17919 17932 17973 18045 18132 18219 18221 18254 18283 18303 18343
17408 17373 17341 17339 17340 17390 17432 17433 17432 17363 17371 17375 17379 17383 17310 17237 17278 17244 17248 17214 17293 17372 17451 17416 17268 17083 16900 16904 16794 16687 16691 16583 16584 16736 16854 16897 17121 17384 17433 17477 17556 17637 17751 17752 17897 17929 17927 17966 18003 18002 18000 17998 17996 17994 17991 17952 18030 18071 18117 18120 18125 17989 17947 17913 17956 18038 18081 18086 18129 18173 18192 18277 18264 18196 18219 18228 18231 18116 17998 17889 17891 17935 17982 18105 18182 18217 18302 18346 18310
17373 17378 17343 17264 17308 17318 17359 17400 17400 17439 17373 17378 17381 17384 17388 17315 17280 17284 17326 17330 17371 17375 17416 17493 17421 17349 17202 17094 17022 16988 16879 16695 16512 16517 16779 17078 17076 17086 17319 17439 17483 17601 17681 17758 17790 17818 17896 17933 17970 18008 18006 18042 18039 18038 18075 18037 18047 18107 18153 18152 18134 18068 17986 17990 17957 18001 18044 18087 18092 18097 18145 18205 18229 18264 18258 18185 18191 18161 18123 18042 17927 17902 18064 18105 18147 18226 18227 18258 18287
17413 17380 17303 17268 17314 17358 17400 17366 17327 17328 17337 17341 17345 17349 17352 17354 17244 17211 17290 17406 17486 17528 17569 17533 17499 17465 17469 17397 17362 17289 17252 16916 16584 16481 16557 16740 16930 17123 17244 17289 17407 17564 17607 17607 17753 17825 17825 17900 17937 17973 18009 18008 18045 18083 18044 18084 18091 18104 18144 18179 18165 18111 18103 18030 18035 18041 18083 18088 18093 18098 18105 18196 18216 18246 18232 18217 18158 18162 18163 18007 17891 17940 17988 18108 18228 18224 18225 18297 18341
17378 17381 17340 17347 17355 17360 17327 17291 17290 17370 17453 17419 17347 17388 17315 17243 17210 17214 17255 17334 17488 17568 17609 17612 17615 17543 17585 17588 17400 17064 16693 16550 16518 16446 16557 16708 16679 16831 17059 17180 17185 17377 17530 17721 17794 17868 17905 17905 17942 17940 17939 18014 17975 18051 18051 18053 18096 18140 18146 18179 18176 18162 18106 18070 18075 18119 18085 18090 18094 18098 18105 18156 18176 18234 18260 18210 18190 18162 18128 18127 17930 17854 17906 17953 18113 18232 18237 18277 18283
17343 17344 17342 17351 17359 17362 17366 17367 17405 17412 17454 17421 17387 17390 17317 17245 17325 17366 17370 17487 17528 17570 17611 17614 17656 17697 17663 17589 17478 17256 16774 16445 16521 16524 16669 16599 16680 16836 16954 17109 17338 17492 17534 17650 17723 17873 17910 17986 18023 18022 17983 18020 18019 18020 18059 18099 18102 18111 18160 18200 18190 18202 18150 18072 18114 18120 18124 18128 18172 18177 18182 18228 18246 18266 18291 18274 18255 18195 18206 18135 18095 17977 17903 17911 17961 18004 18083 18164 18166
17307 17346 17346 17313 17284 17327 17405 17445 17447 17453 17456 17460 17389 17279 17169 17134 17288 17368 17523 17564 17605 17685 17689 17731 17733 17699 17665 17666 17594 17485 17262 16927 16669 16522 16449 16453 16496 16651 16915 17146 17336 17491 17648 17653 17654 17762 17876 17952 17989 17988 17987 17986 18064 18065 18104 18067 18146 18148 18191 18201 18225 18222 18162 18115 18079 18120 18126 18130 18134 18178 18183 18227 18275 18251 18284 18320 18296 18274 18248 18175 18100 17985 17947 17914 17844 17886 17887 17933 18054
17309 17310 17315 17353 17283 17291 17332 17410 17450 17455 17459 17425 17391 17318 17134 17025 17028 17219 17449 17566 17684 17687 17766 17733 17736 17740 17742 17707 17673 17677 17528 17266 16966 16670 16308 16311 16314 16503 16768 16955 17069 17228 17348 17465 17579 17616 17803 17878 17954 17991 17992 18031 18032 18071 18071 18109 18110 18148 18188 18197 18237 18229 18251 18195 18121 18047 18089 18132 18173 18179 18222 18227 18232 18282 18284 18315 18343 18316 18286 18254 18218 18066 17951 17954 17921 17848 17851 17856 17902
17275 17313 17318 17359 17359 17330 17334 17374 17414 17457 17499 17465 17430 17396 17362 17290 17143 17071 17224 17416 17572 17689 17691 17734 17776 17741 17744 17748 17713 17641 17643 17569 17308 16975 16681 16427 16318 16321 16436 16655 16810 16968 17199 17392 17508 17664 17699 17805 17918 17958 17960 17960 17999 18039 18040 18118 18113 18147 18186 18189 18231 18233 18229 18168 18125 18088 18091 18094 18136 18181 18185 18189 18199 18243 18277 18295 18327 18354 18327 18293 18259 18186 18110 17998 17965 17969 17933 17861 17902
17237 17240 17284 17325 17365 17407 17374 17414 17417 17460 17463 17429 17432 17435 17439 17442 17370 17261 17226 17305 17497 17653 17693 17697 17702 17781 17746 17750 17754 17719 17608 17536 17501 17315 16980 16797 16725 16431 16432 16435 16627 16782 17012 17355 17548 17628 17744 17813 17848 17926 17927 17965 17965 18041 18085 18088 18165 18153 18187 18189 18227 18185 18185 18132 18089 18014 18055 18019 18098 18181 18147 18152 18157 18182 18223 18219 18251 18286 18241 18251 18298 18265 18230 18156 18083 18010 18014 18018 18021
17200 17200 17207 17213 17255 17297 17338 17417 17458 17462 17427 17393 17396 17437 17478 17557 17485 17489 17417 17381 17461 17579 17657 17699 17742 17745 17749 17752 17680 17683 17648 17613 17464 17467 17204 17059 16946 16836 16765 16694 16664 16706 16898 17129 17360 17478 17633 17859 17855 17816 17853 17853 17928 17966 18003 18082 18159 18155 18151 18188 18186 18189 18152 18095 18051 18054 18018 18059 18101 18103 18187 18191 18196 18201 18167 18210 18229 18286 18275 18283 18335 18343 18309 18274 18278 18243 18208 18212 18216
17159 17119 17051 17058 17027 16957 17074 17305 17384 17388 17428 17431 17435 17477 17518 17559 17486 17376 17305 17309 17313 17353 17429 17546 17553 17709 17675 17678 17681 17646 17573 17499 17351 17167 16982 16908 16615 16433 16545 16735 16740 16897 16904 17059 17250 17441 17595 17789 17864 17862 17858 17856 17854 17968 18005 18043 18082 18160 18201 18192 18193 18192 18147 18062 18015 18016 18019 18022 18064 18144 18148 18154 18197 18201 18168 18172 18180 18228 18256 18272 18325 18380 18384 18429 18434 18360 18325 18290 18216
17041 17078 17128 17246 17251 17256 17301 17345 17386 17390 17431 17472 17475 17479 17482 17486 17527 17568 17419 17347 17312 17277 17353 17468 17552 17673 17714 17717 17683 17647 17572 17385 17201 17053 16908 16469 16358 16283 16327 16480 16671 16861 17092 17210 17250 17406 17523 17679 17834 17910 17869 17899 17895 17935 17973 18012 18049 18086 18086 18120 18118 18118 18118 18079 18020 18017 18057 18100 18065 18108 18148 18153 18158 18202 18169 18212 18216 18197 18233 18242 18310 18371 18378 18381 18394 18398 18364 18369 18293
17035 17036 17053 17060 17181 17263 17343 17347 17387 17430 17471 17474 17478 17519 17522 17488 17491 17532 17612 17652 17619 17584 17587 17585 17626 17636 17678 17719 17685 17650 17615 17505 17282 17059 16876 16694 16473 16324 16293 16299 16525 16642 16832 17130 17213 17217 17333 17489 17684 17841 17917 17870 17903 17866 17904 17979 18054 18052 18050 18048 18086 18127 18128 18125 18115 18095 18097 18101 18105 18109 18152 18154 18196 18239 18208 18213 18179 18184 18200 18210 18292 18351 18405 18366 18386 18396 18361 18329 18331
17167 17070 17046 17093 17099 17112 17194 17309 17314 17394 17435 17476 17480 17521 17524 17565 17569 17572 17576 17617 17697 17700 17628 17628 17589 17675 17718 17722 17687 17690 17656 17621 17548 17323 17099 16955 16734 16438 16368 16374 16343 16490 16716 16870 17025 17210 17252 17261 17342 17652 17844 17879 17834 17872 17871 17869 17943 18018 18016 18015 18013 18052 18090 18091 18163 18181 18175 18102 18107 18111 18115 18119 18161 18163 18207 18214 18180 18223 18229 18235 18254 18298 18346 18393 18415 18391 18397 18364 18330
