data/layers/srad.ascnullzero.asc
NCOLS 818 
NROWS 1044 
XLLCORNER -124.541666667 
YLLCORNER 32.858333333 
CELLSIZE 0.00833333333374084 
NODATA_value -9999 
[rows 200 to 239 of 1044, columns 623 to 711 of 818]
15937 15908 15926 15903 15906 15908 15911 15912 15916 15958 15964 15969 15979 15908 15911 15918 15919 15925 15925 15959 15956 15992 15994 15998 16001 16005 16007 16048 16054 16062 16069 16067 16097 16055 16053 16052 16092 16097 16065 16033 16039 16044 16085 16087 16128 16094 16063 16101 16104 16104 16108 16109 16106 16107 16111 16142 16101 16100 16063 15990 15918 15883 15886 15852 15855 15857 15932 15935 15901 15868 15907 15982 15985 15988 15957 16039 16091 16098 16091 16129 16175 16229 16244 16244 16234 16217 16170 16133 16062
15940 15944 15954 15966 15936 15901 15907 15911 15915 15921 15927 16005 16015 15980 16017 15951 15921 15934 15933 15929 15922 15959 15962 16002 16042 16046 16049 16055 16098 16107 16075 16067 16099 16095 16093 16091 16057 16062 16066 16071 16076 16081 16087 16088 16090 16129 16131 16097 16100 16137 16138 16139 16104 16105 16105 16067 16066 16066 16029 16028 15993 15851 15853 15892 15894 15861 15899 15902 15941 15909 15913 15951 15991 16067 16112 16131 16105 16100 16096 16104 16178 16182 16215 16205 16204 16204 16133 16135 16101
15979 15947 15916 15925 15930 15937 15942 15946 15916 15956 15963 15970 15975 16016 16018 15992 16001 15976 15975 15966 15926 15962 16002 16006 16046 16087 16091 16098 16105 16117 16156 16145 16136 16169 16167 16130 16131 16099 16067 16036 16078 16084 16088 16090 16091 16129 16094 16096 16100 16101 16138 16175 16140 16141 16141 16141 16104 16104 16104 16068 15996 15999 15929 15859 15934 15936 15939 15942 15981 15985 16029 16001 16035 16077 16121 16130 16092 16127 16129 16133 16163 16162 16200 16166 16168 16170 16136 16102 16068
15983 15951 15955 15961 15972 15979 15982 15985 15990 15959 15966 15971 15938 15945 15989 16004 15979 16017 16010 16004 16002 16002 16042 16046 16086 16055 16132 16172 16145 16156 16151 16144 16174 16139 16169 16133 16133 16100 16105 16038 16044 16014 16015 16017 16093 16094 16095 16060 16062 16064 16139 16139 16177 16141 16141 16142 16142 16143 16143 16108 16073 16002 15968 15935 15901 15904 15942 15981 16021 16098 16105 16111 16078 16082 16081 16118 16157 16159 16161 16165 16201 16201 16203 16169 16099 16101 16140 16142 16071
15950 15990 15993 15999 15975 15980 16024 16031 15997 15998 15968 16044 15978 15951 15927 15977 16017 16015 16047 16043 16042 16044 16050 16055 16024 16029 16068 16142 16146 16154 16149 16108 16142 16138 16133 16170 16098 16065 16033 16003 16046 16013 15979 15982 16021 16024 16060 16062 16063 16064 16102 16103 16069 16070 16107 16107 16108 16109 16146 16111 16040 16006 15936 15866 15868 15943 15946 15985 16024 16103 16142 16181 16187 16116 16114 16116 16119 16122 16124 16163 16165 16168 16134 16173 16138 16068 16034 16036 16002
15989 15992 15996 16002 16012 16023 16034 16045 16042 16040 16042 16011 15982 15955 15969 16022 16018 16013 16047 16045 16045 16050 16060 16066 16075 16083 16080 16077 16116 16157 16155 16146 16107 16099 16133 16134 16137 16103 16071 16077 16046 16049 16053 16024 16027 16026 16026 16064 16066 16068 16107 16108 16110 16111 16111 16148 16112 16076 16077 16114 16043 16009 15975 15977 15944 15946 15949 16024 16028 16103 16106 16109 16075 16041 16079 16082 16085 16124 16127 16093 16095 16098 16137 16139 16105 16107 16073 16040 16078
15992 15996 16036 16006 16017 16032 16050 16051 16007 16041 16043 16011 16018 16028 16043 16057 16053 16016 16013 16013 16015 16022 16037 16044 16051 16052 16050 16081 16159 16162 16155 16190 16143 16138 16099 16100 16102 16033 16036 16077 16081 16049 16054 16058 16024 16026 16028 16068 16108 16111 16151 16117 16120 16081 16119 16118 16155 16116 16079 16044 16046 16012 15979 15945 15983 15986 15989 15992 16031 16070 16072 16075 16078 16080 16083 16085 16088 16091 16131 16133 16062 16065 16067 16069 16072 16110 16113 16116 16082
15924 15963 16004 16011 16063 16045 16060 16024 16050 16080 16080 16046 16056 15989 16000 16048 16058 16097 16057 16021 16026 16037 16014 16055 16058 16054 16048 16049 16057 16162 16169 16159 16147 16138 16099 16102 16069 16071 16038 16006 16082 16087 16091 16058 16025 16066 16070 16074 16114 16155 16193 16161 16160 16123 16091 16092 16125 16120 16155 16084 16050 16088 16054 16057 16060 16026 16029 16032 16034 16037 16039 16042 16045 16084 16050 16053 16092 16095 16097 16136 16102 16104 16106 16109 16075 16077 16080 16119 16121
15997 16003 15972 16015 16072 16090 16096 16032 16021 16010 16044 16046 16053 16023 16032 16048 16065 16109 16069 16071 16038 16016 16025 16025 16063 16056 16050 16055 16063 16092 16141 16174 16151 16102 16065 16068 16107 16074 16077 16044 16048 16052 16056 16061 16029 16036 16039 16044 16085 16126 16168 16133 16169 16131 16132 16131 16092 16088 16088 16125 16127 16129 16131 16134 16100 16067 16069 16072 16038 16077 16043 16045 16084 16087 16089 16056 16058 16098 16100 16103 16105 16143 16146 16149 16151 16117 16120 16122 16125
16000 16009 16012 16019 16039 16045 16057 16062 16051 16045 16045 16047 16052 16058 16030 16008 16065 16080 16083 16050 16016 15992 15957 15955 15988 16019 16019 16060 16101 16099 16145 16133 16154 16141 16105 16071 16001 15967 16007 16010 16014 16055 16060 16066 16071 16079 16045 16050 16057 16063 16069 16140 16138 16138 16101 16102 16098 16057 16093 16130 16168 16134 16099 16065 16067 16106 16108 16111 16077 16007 16010 16048 16087 16090 16092 16059 16061 16100 16139 16142 16144 16147 16186 16188 16155 16194 16160 16162 16201
16004 16012 16017 16027 16037 16003 16051 16008 16007 16008 16011 16013 16017 16024 16035 16047 16028 16040 16050 16026 15993 15955 15956 15950 15986 15986 15987 16030 16066 16144 16177 16200 16154 16149 16074 16037 15968 16006 16009 15976 15980 16022 16064 16145 16115 16082 16087 16094 16065 16072 16075 16071 16069 16031 16104 16103 16098 16097 16098 16099 16137 16139 16177 16106 16072 16001 15967 15969 15899 15902 15761 15871 15946 16021 16023 16026 16064 16067 16106 16145 16184 16150 16153 16155 16158 16197 16163 16129 16169
16007 16017 16021 16061 16030 15999 16002 16004 16011 15979 15979 15944 15947 15955 16002 16015 15992 15969 15981 15996 16033 15998 15957 15952 15987 16024 16065 16073 16070 16078 16179 16165 16168 16157 16151 16113 16043 15974 16012 16088 16092 16135 16143 16119 16128 16126 16130 16101 16074 16114 16078 16040 16074 16109 16143 16176 16101 16137 16175 16176 16141 16144 16146 16149 16077 16114 15898 15792 15759 15761 15728 15802 15877 15988 16027 16065 16104 16071 16109 16185 16187 16190 16193 16195 16198 16200 16166 16169 16172
16050 16020 16063 16070 16038 16007 15969 15974 15981 15984 15949 15949 15951 15955 16001 15978 16031 16048 16022 16033 16037 16037 16030 16027 16027 16099 16141 16146 16149 16183 16208 16212 16214 16168 16196 16155 16156 16085 16052 16055 16132 16140 16150 16130 16132 16130 16135 16144 16118 16088 16119 16116 16113 16112 16146 16143 16142 16178 16179 16181 16185 16194 16198 16161 16156 16155 16119 15976 15834 15837 15839 15878 15952 15991 16066 16105 16144 16146 16149 16188 16227 16193 16196 16162 16165 16167 16170 16137 16139
16059 16096 16078 16052 16056 16057 16015 15982 15988 15956 15959 15958 15959 15960 16000 16013 16035 16046 16056 16070 16075 16039 16031 16033 16066 16101 16108 16150 16262 16217 16215 16213 16210 16210 16204 16201 16165 16161 16164 16131 16137 16146 16157 16128 16092 16095 16139 16147 16116 16084 16121 16121 16118 16152 16115 16112 16148 16151 16185 16191 16237 16245 16211 16214 16208 16201 16198 16161 16054 15948 15951 15953 15956 16031 16033 16072 16111 16150 16225 16265 16267 16270 16236 16166 16168 16135 16101 16104 16106
16139 16099 16084 16102 16074 16071 16026 16029 15998 15967 15969 15967 15967 16002 16006 16019 16036 16008 16021 16067 16073 16077 16034 16072 16070 16067 16111 16112 16149 16183 16220 16216 16206 16166 16165 16203 16166 16165 16172 16210 16214 16186 16156 16160 16164 16136 16143 16148 16151 16116 16119 16122 16120 16117 16118 16120 16156 16156 16194 16204 16211 16175 16219 16219 16216 16213 16212 16240 16203 16097 16063 15993 15995 15998 16000 16039 16042 16117 16192 16231 16234 16237 16239 16206 16172 16174 16177 16144 16146
16146 16138 16112 16098 16111 16082 16038 16009 15973 15980 15978 15974 15977 15973 16016 16062 16070 16048 16016 15990 16036 16042 16073 16073 16110 16139 16142 16186 16146 16145 16179 16179 16136 16128 16128 16128 16165 16136 16140 16144 16180 16185 16190 16160 16168 16176 16185 16146 16148 16151 16154 16123 16122 16123 16127 16129 16130 16161 16167 16174 16180 16184 16184 16179 16256 16226 16219 16171 16207 16209 16139 16068 16035 15965 16076 16079 16045 16120 16159 16199 16201 16204 16170 16173 16175 16178 16217 16220 16222
16151 16185 16179 16156 16138 16084 16015 15980 15985 15991 16021 15983 15985 16056 16056 16061 16035 16044 16051 16098 16110 16081 16076 16107 16108 16144 16177 16184 16209 16173 16172 16177 16171 16164 16127 16164 16131 16136 16105 16106 16108 16149 16154 16160 16168 16176 16142 16142 16111 16045 16084 16091 16092 16060 16063 16102 16098 16095 16140 16214 16214 16185 16182 16216 16259 16260 16251 16216 16213 16177 16179 16145 16074 16077 16116 16155 16194 16196 16199 16202 16205 16171 16174 16176 16143 16182 16221 16223 16226
16120 16118 16112 16112 16128 16147 16094 16025 15956 15987 15951 15955 15989 15994 16028 16028 16036 16046 16020 16067 16114 16084 16081 16116 16152 16144 16173 16139 16204 16203 16204 16172 16207 16201 16128 16094 16061 16064 16068 16107 16147 16114 16118 16159 16203 16207 16173 16141 16077 16049 16049 16023 16022 16065 16069 16107 16101 16140 16180 16214 16212 16216 16215 16254 16262 16258 16257 16256 16178 16143 16109 16039 16042 16117 16119 16158 16234 16236 16239 16242 16208 16211 16141 16180 16183 16221 16224 16227 16193
16159 16156 16151 16113 16124 16103 16124 16131 16092 16023 15995 15998 16066 16035 16036 16033 16040 16051 16026 16037 16047 16088 16088 16158 16152 16185 16175 16168 16167 16205 16240 16239 16202 16166 16095 16061 16064 16067 16070 16110 16113 16152 16193 16198 16203 16171 16175 16143 16114 16117 16046 16013 16051 16056 16059 16060 16067 16145 16213 16209 16211 16215 16256 16259 16260 16261 16219 16142 16071 16037 16004 16006 16009 16084 16159 16162 16201 16167 16170 16209 16211 16214 16180 16183 16186 16188 16228 16267 16269
16126 16161 16159 16153 16124 16095 16112 16121 16123 16132 16107 16072 16034 16077 16075 16039 16080 16089 16029 16002 16011 16055 16094 16056 16085 16151 16175 16170 16204 16203 16166 16165 16166 16131 16097 16064 16067 16107 16113 16115 16117 16120 16124 16166 16172 16212 16181 16185 16187 16152 16082 16047 16050 16125 16127 16130 16174 16177 16207 16209 16211 16215 16220 16223 16222 16222 16217 16145 16111 16041 16007 16046 16048 16051 16163 16238 16241 16207 16173 16140 16142 16145 16147 16187 16189 16156 16195 16197 16236
16165 16164 16198 16157 16159 16094 16064 16107 16117 16128 16145 16110 16112 16082 16084 16084 16050 16056 16070 16079 16053 15989 16028 16057 16084 16076 16105 16138 16173 16241 16203 16166 16095 16061 16064 16067 16074 16084 16125 16122 16123 16126 16131 16136 16179 16148 16152 16154 16155 16155 16155 16084 16051 16052 16090 16128 16167 16168 16206 16209 16248 16251 16258 16220 16259 16257 16221 16222 16151 16153 16083 16050 16088 16163 16166 16169 16208 16247 16213 16216 16182 16148 16115 16081 16084 16159 16162 16164 16203
16130 16166 16165 16165 16126 16094 16100 16069 16077 16122 16105 16112 16082 16084 16054 16055 16059 16023 16070 16082 16057 16066 16027 16057 16120 16149 16143 16138 16174 16211 16203 16167 16134 16100 16068 16110 16120 16125 16166 16168 16206 16174 16176 16146 16154 16159 16159 16123 16159 16160 16124 16124 16123 16124 16090 16092 16130 16167 16169 16171 16173 16176 16216 16218 16223 16225 16224 16225 16227 16230 16196 16198 16201 16167 16133 16136 16138 16141 16180 16219 16258 16188 16154 16121 16088 16090 16092 16095 16207
16167 16167 16168 16168 16168 16095 16102 16071 16076 16119 16105 16116 16082 16088 16093 16058 16024 16027 16071 16084 16058 16064 16099 16126 16151 16183 16214 16213 16178 16174 16167 16098 16065 16105 16150 16156 16165 16244 16248 16256 16223 16193 16165 16203 16164 16167 16128 16127 16126 16163 16128 16125 16125 16126 16127 16129 16131 16131 16133 16135 16137 16102 16105 16108 16112 16187 16189 16228 16230 16197 16199 16201 16241 16243 16173 16176 16142 16145 16147 16113 16116 16155 16158 16161 16127 16166 16096 16099 16138
16168 16168 16133 16171 16174 16138 16138 16142 16076 16082 16057 16065 16036 16090 16136 16096 16066 16068 16110 16155 16164 16172 16164 16155 16181 16211 16245 16279 16244 16205 16207 16173 16105 16146 16189 16161 16172 16221 16223 16229 16196 16132 16138 16176 16172 16168 16129 16092 16128 16128 16131 16130 16128 16164 16129 16131 16168 16133 16135 16101 16030 15924 15819 15822 15824 15863 15974 16085 16088 16127 16239 16241 16244 16210 16213 16180 16182 16221 16151 15900 15903 15869 15944 16091 16130 16170 16172 16175 16214
16169 16171 16173 16175 16142 16143 16145 16112 16111 16078 16125 16132 16110 16128 16099 16103 16111 16110 16113 16190 16162 16280 16239 16259 16250 16243 16203 16202 16132 16134 16101 16140 16144 16148 16159 16170 16176 16189 16191 16161 16127 16132 16132 16135 16097 16094 16093 16091 16128 16128 16167 16166 16166 16164 16202 16168 16133 16135 16101 16031 15961 15928 15894 15933 16008 16011 16014 16089 16164 16203 16206 16208 16211 16214 16217 16219 16149 16152 16191 16157 16087 16053 16056 16095 16134 16100 16139 16179 16181
16136 16137 16140 16142 16144 16111 16078 16045 16010 16008 15979 16024 16081 16095 16061 16109 16119 16158 16156 16158 16195 16277 16308 16290 16243 16166 16166 16132 16062 16065 16104 16143 16110 16117 16134 16143 16107 16151 16159 16164 16132 16128 16133 16131 16130 16129 16127 16126 16126 16163 16163 16163 16127 16165 16167 16170 16136 16065 16068 16034 16037 16040 16078 16118 16194 16196 16199 16202 16204 16170 16173 16212 16215 16181 16147 16113 16116 16119 16158 16161 16127 16166 16168 16171 16175 16140 16143 16146 16148
16139 16177 16143 16145 16148 16151 16081 16048 15976 15939 15979 15988 16067 16079 16085 16064 16078 16123 16155 16185 16179 16188 16255 16315 16274 16202 16168 16062 16065 16067 16034 16073 16150 16164 16183 16153 16159 16163 16167 16174 16167 16165 16165 16204 16202 16201 16199 16126 16162 16126 16126 16163 16201 16168 16134 16173 16139 16105 16071 16038 16040 16079 16082 16121 16160 16200 16203 16205 16208 16210 16213 16215 16218 16184 16151 16190 16047 16049 16052 16091 16130 16133 16172 16247 16178 16180 16110 16113 16116
16143 16145 16147 16185 16151 16155 16157 16085 16012 16014 16018 16026 16066 16070 16117 16099 16101 16113 16116 16186 16214 16202 16201 16200 16238 16204 16134 16101 16067 15998 16037 16076 16117 16208 16217 16195 16210 16175 16179 16183 16171 16167 16166 16166 16201 16201 16164 16200 16199 16163 16200 16166 16169 16171 16174 16177 16179 16181 16148 16114 16080 16156 16158 16162 16201 16205 16207 16209 16211 16286 16253 16255 16221 16151 16154 16120 16123 16126 16093 16095 16097 16136 16176 16178 16181 16184 16150 16153 16119
16148 16185 16150 16117 16120 16159 16156 16121 16123 16054 16096 16102 16105 16107 16111 16118 16088 16097 16177 16138 16128 16125 16091 16093 16059 15953 15956 15923 15926 16037 16113 16117 16123 16172 16185 16162 16213 16211 16183 16181 16176 16170 16170 16201 16236 16201 16202 16201 16199 16200 16203 16206 16172 16175 16177 16180 16182 16148 16151 16154 16156 16195 16235 16312 16315 16283 16215 16250 16288 16290 16292 16258 16188 16191 16121 16087 16053 16093 16132 16207 16246 16213 16179 16218 16184 16151 16153 16156 16159
16188 16189 16190 16193 16196 16126 16088 16124 16127 16131 16174 16141 16144 16182 16148 16115 16120 16127 16177 16206 16200 16165 16130 16023 15954 15920 15779 15638 15606 15716 16007 16084 16199 16209 16189 16167 16174 16135 16184 16178 16213 16212 16170 16275 16273 16201 16202 16202 16165 16167 16170 16136 16211 16177 16180 16183 16222 16225 16191 16194 16196 16198 16238 16242 16284 16291 16294 16328 16328 16293 16296 16298 16228 16194 16160 16127 15985 15915 16099 16174 16177 16216 16219 16221 16224 16191 16121 16196 16199
16230 16230 16230 16159 16054 15984 15984 15984 16022 16138 16141 16144 16183 16185 16152 16154 16157 16127 16140 16171 16204 16206 16208 16173 16102 15996 15890 15893 15752 15755 15902 16087 16202 16251 16192 16205 16201 16138 16146 16177 16215 16218 16169 16164 16127 16128 16129 16166 16167 16134 16136 16139 16142 16145 16184 16186 16225 16192 16158 16160 16199 16238 16241 16318 16323 16329 16257 16257 16222 16224 16226 16229 16195 16234 16091 15913 15880 15955 16066 16178 16180 16147 16222 16188 16191 16194 16197 16199 16202
16235 16239 16165 16056 16056 15876 15875 15914 15953 16031 16180 16220 16222 16225 16191 16158 16162 16165 16170 16204 16206 16208 16212 16214 16217 16147 16111 16077 16080 16083 16086 16127 16171 16184 16233 16235 16240 16209 16210 16174 16213 16176 16166 16126 16126 16127 16093 16095 16098 16137 16176 16179 16181 16184 16187 16189 16156 16195 16161 16200 16239 16242 16208 16285 16292 16261 16260 16223 16153 16154 16156 16159 16162 16128 16094 16097 16064 16139 16142 16181 16220 16259 16262 16265 16267 16234 16237 16239 16242
16199 16204 16202 16166 16022 15913 15914 15954 15960 15962 16037 16150 16189 16228 16230 16196 16200 16203 16170 16171 16209 16212 16215 16218 16219 16149 16114 16081 16156 16159 16162 16166 16175 16186 16232 16234 16275 16243 16211 16208 16212 16210 16201 16163 16127 16092 16095 16062 16028 16067 16143 16146 16148 16187 16226 16229 16159 16162 16165 16167 16170 16209 16285 16289 16293 16333 16298 16263 16191 16157 16124 16126 16129 16132 16062 16065 16140 16179 16182 16221 16224 16263 16266 16268 16271 16274 16240 16243 16245
16200 16240 16202 16165 16093 16060 15998 15965 15964 16002 16077 16080 16118 16194 16197 16199 16202 16205 16208 16210 16212 16179 16181 16183 16185 16115 16081 16084 16087 16090 16166 16173 16182 16189 16194 16234 16240 16244 16285 16208 16209 16204 16201 16164 16129 16096 16062 16065 16068 15998 16037 16112 16151 16154 16157 16160 16199 16201 16204 16171 16174 16212 16252 16291 16295 16298 16265 16266 16231 16161 16127 16093 16096 16099 16102 16104 16107 16146 16185 16225 16263 16266 16269 16308 16311 16278 16244 16283 16285
16201 16202 16202 16205 16211 16215 16114 16050 16007 16006 15971 15975 16050 16089 16163 16166 16095 16098 16101 16103 16142 16144 16110 16076 16043 16045 16012 16015 16018 16057 16098 16142 16221 16227 16230 16233 16201 16245 16248 16208 16206 16167 16167 16130 16096 16063 16102 16068 16035 16037 16040 16043 16118 16121 16160 16163 16202 16205 16207 16210 16213 16216 16255 16258 16261 16264 16267 16233 16235 16164 16130 16024 15954 15957 15960 16035 16110 16150 16189 16228 16267 16343 16346 16348 16351 16354 16356 16323 16325
16163 16205 16218 16222 16224 16223 16226 16160 16084 15975 15939 15942 15945 15983 16058 16059 15954 15884 15850 15853 15891 16002 16113 16153 16119 16049 16052 16055 16058 16096 16100 16179 16221 16263 16228 16234 16238 16241 16240 16240 16169 16133 16096 16097 16099 16102 16069 16035 16038 16005 16043 16046 16085 16160 16164 16166 16133 16172 16175 16214 16216 16184 16186 16226 16228 16231 16197 16163 16165 16204 16135 16027 15958 15961 16072 16111 16114 16117 16192 16232 16271 16310 16349 16388 16354 16357 16323 16254 16292
16175 16218 16227 16235 16268 16269 16270 16235 16234 16199 16125 16054 16022 16023 15988 15954 15957 15924 15927 15893 15897 15936 16010 16158 16197 16200 16094 16097 16099 16137 16139 16179 16221 16261 16271 16277 16275 16274 16274 16239 16167 16132 16097 16100 16067 16069 16072 16075 16078 16045 16011 16050 16163 16166 16168 16207 16174 16140 16142 16109 16148 16115 16117 16156 16232 16198 16237 16239 16206 16209 16212 16140 16034 16073 16075 16114 16154 16157 16159 16199 16274 16350 16353 16392 16358 16324 16254 16257 16223
16224 16236 16239 16276 16275 16278 16314 16313 16275 16276 16239 16168 16133 16138 16139 16105 16071 16003 16005 16044 16047 16123 16126 16128 16131 16133 16136 16139 16141 16107 16108 16144 16184 16262 16276 16280 16274 16273 16238 16239 16205 16170 16137 16104 16106 16146 16149 16152 16154 16121 16124 16127 16166 16169 16171 16174 16213 16180 16182 16185 16187 16190 16156 16159 16199 16237 16240 16206 16173 16175 16142 16108 16110 16076 16115 16154 16193 16233 16272 16275 16314 16353 16356 16359 16398 16401 16330 16296 16299
16237 16282 16320 16320 16320 16283 16245 16245 16282 16244 16244 16209 16138 16179 16191 16191 16191 16193 16196 16199 16201 16204 16206 16172 16174 16177 16143 16110 16112 16112 16112 16148 16150 16191 16231 16233 16197 16164 16166 16168 16171 16137 16140 16143 16146 16113 16116 16155 16158 16161 16164 16166 16169 16136 16175 16177 16180 16183 16186 16188 16154 16157 16159 16198 16238 16241 16244 16246 16176 16143 16109 16148 16077 16079 16046 16013 16051 16127 16202 16278 16317 16320 16323 16325 16328 16331 16297 16300 16266
16178 16182 16291 16291 16331 16329 16290 16252 16254 16250 16250 16215 16179 16146 16159 16167 16203 16205 16207 16211 16248 16250 16252 16217 16183 16149 16152 16190 16154 16152 16115 16116 16117 16119 16157 16196 16162 16129 16131 16061 16028 16067 16107 16110 16077 16116 16155 16122 16124 16164 16166 16170 16172 16175 16178 16144 16183 16150 16152 16155 16157 16196 16199 16202 16205 16208 16210 16213 16216 16182 16149 16151 16154 16084 16049 16052 15983 15913 15988 16136 16211 16287 16290 16292 16222 16261 16264 16267 16269
