data/layers/srad.ascnullzero.asc
NCOLS 818 
NROWS 1044 
XLLCORNER -124.541666667 
YLLCORNER 32.858333333 
CELLSIZE 0.00833333333374084 
NODATA_value -9999 
[rows 200 to 239 of 1044, columns 267 to 355 of 818]
14612 14616 14654 14657 14625 14593 14561 14598 14566 14567 14569 14571 14573 14610 14613 14616 14619 14621 14625 14629 14631 14598 14635 14636 14673 14675 14678 14645 14648 14615 14584 14552 14589 14626 14629 14632 14635 14638 14606 14609 14646 14684 14687 14690 14693 14696 14700 14704 14674 14678 14682 14687 14656 14660 14633 14641 14615 14586 14602 14610 14615 14610 14603 14619 14621 14600 14616 14621 14628 14632 14600 14597 14609 14547 14541 14532 14557 14597 14603 14604 14605 14537 14559 14580 14590 14595 14597 14635 14643
14614 14618 14621 14623 14625 14627 14595 14563 14598 14566 14569 14571 14608 14611 14579 14581 14619 14622 14626 14665 14667 14669 14671 14639 14675 14711 14678 14646 14648 14651 14619 14587 14555 14558 14595 14598 14636 14638 14641 14644 14613 14650 14687 14690 14693 14697 14666 14704 14708 14712 14716 14685 14654 14659 14666 14639 14645 14655 14628 14634 14610 14599 14619 14629 14634 14677 14649 14586 14556 14589 14625 14599 14560 14571 14585 14571 14590 14595 14598 14565 14572 14528 14558 14547 14590 14591 14594 14601 14605
14582 14619 14621 14623 14625 14627 14594 14596 14599 14602 14605 14608 14576 14578 14580 14582 14585 14587 14625 14629 14667 14669 14671 14638 14640 14677 14679 14716 14684 14652 14654 14622 14590 14593 14561 14599 14601 14639 14607 14610 14613 14650 14653 14691 14729 14732 14701 14704 14708 14712 14715 14684 14653 14657 14665 14636 14644 14651 14652 14631 14638 14598 14621 14628 14633 14641 14645 14617 14617 14612 14624 14636 14615 14605 14594 14614 14624 14592 14591 14603 14565 14553 14554 14578 14589 14590 14627 14632 14599
14549 14551 14587 14589 14557 14593 14630 14598 14566 14604 14606 14608 14610 14578 14580 14582 14550 14587 14624 14662 14632 14669 14637 14639 14640 14677 14679 14716 14684 14687 14655 14623 14625 14594 14631 14634 14671 14639 14608 14610 14613 14616 14619 14657 14729 14732 14701 14704 14707 14711 14714 14717 14651 14655 14662 14669 14677 14645 14614 14590 14625 14639 14687 14658 14667 14637 14605 14614 14603 14616 14630 14634 14606 14572 14604 14618 14653 14620 14630 14636 14597 14575 14589 14578 14589 14592 14630 14629 14668
14583 14586 14553 14520 14556 14559 14527 14530 14532 14534 14570 14573 14610 14578 14580 14583 14585 14622 14625 14662 14700 14703 14671 14673 14676 14644 14645 14682 14685 14687 14690 14658 14626 14629 14632 14634 14603 14605 14608 14611 14648 14651 14619 14657 14695 14663 14666 14704 14672 14710 14713 14716 14685 14688 14660 14667 14638 14675 14681 14648 14627 14672 14683 14660 14627 14631 14635 14602 14605 14653 14663 14665 14639 14609 14643 14612 14612 14625 14630 14634 14627 14605 14624 14647 14659 14659 14699 14701 14667
14614 14584 14553 14555 14558 14560 14561 14564 14566 14535 14537 14540 14577 14580 14618 14585 14587 14624 14625 14628 14666 14668 14671 14673 14676 14678 14681 14683 14685 14688 14691 14659 14627 14630 14597 14600 14603 14571 14574 14611 14614 14617 14619 14622 14695 14697 14666 14669 14672 14710 14678 14681 14685 14723 14728 14699 14668 14638 14645 14656 14665 14643 14684 14646 14615 14653 14630 14593 14608 14652 14661 14654 14568 14621 14641 14635 14649 14628 14622 14611 14605 14599 14664 14684 14691 14692 14661 14700 14701
14618 14622 14590 14591 14593 14561 14598 14600 14568 14570 14572 14575 14577 14579 14582 14584 14621 14624 14591 14629 14632 14634 14671 14674 14642 14644 14681 14684 14686 14689 14657 14659 14662 14630 14633 14635 14638 14641 14609 14611 14614 14617 14620 14623 14626 14663 14666 14669 14672 14710 14713 14717 14720 14724 14728 14697 14668 14675 14649 14655 14629 14632 14664 14672 14676 14650 14657 14629 14641 14615 14658 14641 14642 14633 14628 14673 14654 14663 14682 14667 14623 14619 14637 14650 14653 14656 14660 14663 14666
14621 14623 14625 14627 14593 14561 14562 14565 14567 14569 14572 14574 14577 14579 14616 14619 14586 14658 14627 14629 14632 14635 14638 14675 14643 14680 14647 14650 14687 14655 14623 14660 14663 14665 14633 14670 14673 14641 14644 14646 14649 14617 14620 14623 14660 14663 14666 14635 14638 14675 14713 14717 14720 14724 14693 14663 14669 14675 14678 14682 14621 14631 14677 14684 14725 14731 14709 14707 14638 14615 14585 14565 14618 14671 14659 14644 14656 14661 14687 14669 14658 14650 14674 14649 14649 14655 14660 14660 14664
14653 14624 14626 14594 14629 14597 14599 14567 14569 14571 14539 14576 14579 14581 14618 14620 14623 14659 14662 14666 14633 14636 14638 14641 14643 14646 14648 14685 14688 14656 14692 14661 14663 14666 14668 14636 14639 14607 14610 14613 14615 14652 14621 14623 14626 14629 14666 14635 14638 14641 14679 14682 14685 14689 14693 14697 14667 14670 14709 14715 14727 14696 14670 14674 14682 14696 14738 14712 14684 14655 14612 14597 14661 14669 14655 14666 14683 14692 14681 14660 14624 14685 14710 14717 14714 14690 14660 14694 14663
14685 14656 14659 14662 14629 14632 14635 14568 14571 14607 14575 14542 14545 14582 14584 14586 14623 14660 14663 14631 14634 14602 14605 14607 14644 14681 14684 14652 14654 14622 14658 14662 14699 14667 14669 14672 14640 14608 14645 14648 14650 14618 14621 14589 14592 14629 14632 14670 14638 14641 14644 14648 14651 14689 14693 14662 14666 14704 14708 14714 14721 14730 14736 14708 14682 14686 14692 14703 14679 14686 14641 14632 14661 14669 14658 14658 14715 14686 14624 14647 14695 14683 14673 14677 14678 14723 14728 14694 14696
14650 14618 14622 14626 14629 14597 14634 14637 14605 14608 14576 14578 14546 14548 14551 14553 14590 14627 14629 14632 14600 14568 14605 14642 14679 14647 14650 14652 14655 14657 14660 14662 14665 14632 14670 14707 14709 14677 14645 14648 14651 14653 14621 14624 14627 14630 14633 14636 14673 14642 14645 14648 14651 14654 14692 14696 14665 14668 14708 14714 14682 14687 14661 14703 14708 14717 14689 14703 14702 14712 14697 14680 14658 14658 14683 14666 14645 14677 14648 14644 14627 14685 14708 14736 14746 14720 14724 14691 14697
14651 14619 14587 14590 14593 14596 14599 14601 14604 14642 14644 14647 14546 14548 14551 14553 14591 14628 14630 14633 14635 14638 14640 14643 14680 14683 14685 14653 14656 14658 14695 14698 14665 14668 14670 14673 14675 14643 14646 14683 14651 14654 14657 14659 14662 14665 14668 14705 14674 14642 14645 14648 14651 14654 14692 14695 14698 14665 14705 14710 14718 14690 14662 14697 14708 14714 14716 14725 14669 14659 14667 14722 14723 14712 14724 14705 14713 14711 14679 14717 14736 14728 14691 14728 14704 14677 14681 14692 14697
14653 14621 14623 14625 14628 14596 14599 14602 14639 14607 14610 14613 14581 14584 14552 14554 14591 14594 14597 14634 14636 14639 14642 14644 14646 14649 14651 14654 14656 14659 14626 14663 14666 14668 14671 14674 14676 14679 14681 14684 14686 14689 14692 14695 14663 14700 14738 14740 14709 14677 14645 14683 14685 14723 14692 14694 14697 14700 14703 14708 14677 14682 14687 14693 14703 14706 14716 14730 14691 14653 14674 14689 14681 14709 14723 14701 14708 14699 14678 14682 14710 14708 14707 14682 14690 14706 14723 14727 14730
14620 14622 14659 14627 14559 14597 14634 14637 14640 14642 14576 14578 14581 14584 14587 14589 14592 14629 14632 14634 14602 14570 14607 14644 14647 14649 14652 14654 14657 14659 14627 14629 14631 14634 14637 14639 14677 14645 14647 14684 14722 14725 14692 14661 14629 14666 14703 14741 14709 14677 14680 14648 14686 14723 14726 14764 14697 14700 14704 14708 14711 14681 14687 14729 14702 14674 14681 14709 14680 14702 14711 14707 14669 14685 14701 14742 14702 14682 14673 14730 14743 14736 14765 14737 14745 14719 14723 14725 14728
14621 14623 14626 14629 14596 14598 14600 14637 14640 14608 14611 14614 14582 14584 14587 14590 14593 14595 14598 14635 14637 14605 14608 14610 14613 14650 14652 14621 14623 14660 14662 14664 14667 14635 14637 14640 14643 14645 14683 14685 14688 14690 14728 14731 14699 14666 14669 14672 14709 14712 14715 14718 14686 14689 14692 14695 14698 14702 14670 14674 14712 14716 14720 14691 14692 14698 14703 14679 14696 14708 14698 14698 14712 14728 14700 14705 14684 14704 14690 14701 14728 14753 14737 14742 14747 14717 14721 14690 14691
14620 14587 14624 14627 14596 14599 14601 14604 14641 14678 14646 14649 14617 14585 14588 14625 14628 14596 14564 14532 14534 14572 14574 14611 14614 14616 14619 14587 14589 14626 14663 14665 14667 14635 14673 14641 14643 14646 14649 14651 14688 14691 14694 14696 14699 14702 14635 14672 14676 14713 14681 14684 14687 14690 14693 14662 14665 14668 14671 14640 14678 14681 14685 14689 14695 14703 14708 14716 14727 14704 14688 14702 14715 14727 14733 14730 14671 14678 14718 14732 14748 14798 14770 14706 14711 14714 14684 14689 14691
14620 14621 14624 14592 14594 14598 14567 14604 14676 14679 14681 14649 14583 14620 14623 14626 14628 14631 14599 14567 14570 14607 14609 14646 14614 14617 14619 14622 14624 14592 14629 14631 14634 14636 14639 14607 14644 14647 14649 14652 14689 14692 14694 14697 14734 14702 14670 14673 14641 14679 14682 14685 14688 14656 14659 14628 14631 14634 14672 14640 14644 14647 14650 14655 14661 14668 14711 14719 14727 14697 14689 14741 14720 14761 14762 14745 14733 14780 14791 14813 14789 14760 14768 14739 14708 14677 14681 14686 14723
14586 14589 14557 14595 14597 14598 14601 14639 14642 14610 14613 14616 14618 14620 14623 14626 14629 14631 14599 14533 14604 14607 14575 14578 14580 14582 14620 14622 14625 14593 14630 14632 14635 14637 14605 14642 14610 14682 14685 14687 14690 14692 14695 14698 14665 14668 14671 14674 14676 14680 14683 14686 14654 14692 14695 14663 14666 14669 14638 14641 14644 14648 14650 14654 14659 14701 14674 14716 14722 14684 14696 14711 14751 14754 14735 14730 14737 14747 14798 14778 14753 14761 14766 14735 14738 14742 14714 14717 14720
14588 14591 14592 14593 14596 14598 14600 14604 14573 14610 14613 14616 14619 14587 14624 14627 14595 14597 14600 14568 14570 14573 14610 14612 14581 14584 14586 14588 14625 14628 14630 14633 14636 14638 14641 14608 14611 14648 14650 14653 14691 14694 14696 14664 14631 14634 14637 14674 14677 14680 14684 14652 14655 14692 14695 14664 14702 14670 14673 14642 14679 14648 14651 14654 14659 14664 14668 14708 14680 14726 14701 14709 14713 14736 14728 14735 14777 14766 14777 14782 14753 14758 14728 14731 14734 14737 14745 14713 14750
14587 14589 14592 14595 14632 14634 14635 14639 14642 14611 14613 14616 14619 14622 14590 14592 14595 14598 14600 14603 14571 14573 14611 14579 14581 14618 14586 14589 14626 14628 14665 14634 14636 14604 14607 14609 14646 14649 14651 14654 14656 14694 14696 14699 14702 14669 14637 14675 14678 14716 14684 14652 14655 14693 14696 14699 14668 14670 14673 14676 14679 14682 14686 14655 14659 14664 14671 14712 14718 14724 14732 14740 14704 14727 14743 14752 14763 14766 14774 14780 14784 14755 14757 14762 14763 14769 14741 14745 14746
14588 14556 14593 14595 14597 14600 14637 14639 14677 14645 14683 14616 14619 14588 14590 14593 14595 14598 14601 14638 14640 14643 14611 14613 14616 14618 14621 14624 14592 14595 14632 14669 14671 14674 14642 14644 14647 14649 14686 14689 14657 14659 14662 14699 14668 14670 14707 14676 14679 14682 14684 14687 14690 14694 14697 14665 14702 14671 14673 14642 14679 14683 14686 14689 14658 14664 14705 14675 14714 14721 14762 14762 14723 14708 14718 14751 14758 14732 14737 14741 14747 14751 14755 14760 14762 14798 14804 14809 14778
14623 14625 14593 14630 14632 14634 14637 14639 14642 14680 14682 14686 14654 14657 14660 14593 14596 14564 14601 14604 14641 14643 14646 14614 14616 14619 14622 14624 14627 14629 14632 14635 14637 14674 14677 14679 14682 14650 14652 14689 14692 14695 14663 14665 14703 14705 14673 14676 14679 14682 14685 14688 14726 14729 14731 14700 14703 14706 14708 14677 14680 14717 14720 14724 14692 14697 14702 14707 14710 14747 14749 14757 14771 14743 14743 14746 14755 14728 14734 14736 14742 14745 14752 14722 14725 14719 14733 14761 14775
14625 14593 14596 14598 14634 14635 14603 14640 14642 14610 14613 14651 14654 14657 14625 14593 14596 14599 14567 14604 14641 14644 14646 14649 14652 14620 14622 14694 14662 14664 14632 14635 14638 14640 14643 14680 14682 14685 14722 14725 14727 14730 14698 14700 14703 14706 14708 14711 14714 14717 14720 14723 14726 14729 14767 14735 14738 14741 14744 14747 14750 14753 14756 14690 14727 14731 14701 14671 14678 14685 14689 14764 14734 14733 14740 14750 14757 14723 14693 14736 14768 14743 14744 14751 14753 14748 14731 14721 14739
14625 14592 14594 14631 14668 14636 14638 14640 14643 14645 14648 14651 14689 14692 14626 14628 14665 14668 14636 14604 14607 14644 14682 14615 14617 14620 14623 14660 14697 14665 14702 14670 14673 14675 14678 14646 14648 14651 14653 14656 14693 14696 14698 14666 14669 14706 14709 14712 14715 14718 14721 14724 14761 14729 14733 14736 14738 14741 14709 14713 14750 14788 14791 14759 14762 14731 14702 14707 14711 14682 14687 14726 14758 14769 14742 14748 14754 14750 14724 14733 14728 14742 14737 14738 14744 14744 14765 14719 14699
14625 14628 14629 14631 14668 14670 14673 14675 14678 14715 14683 14686 14689 14658 14660 14663 14666 14634 14671 14674 14676 14679 14682 14685 14687 14655 14692 14695 14732 14700 14703 14705 14673 14676 14644 14612 14614 14651 14654 14656 14659 14662 14664 14668 14670 14672 14709 14712 14715 14718 14721 14724 14727 14730 14733 14771 14739 14742 14745 14782 14785 14788 14791 14759 14762 14730 14734 14704 14710 14715 14750 14719 14728 14768 14733 14746 14743 14746 14726 14723 14730 14737 14692 14733 14735 14749 14758 14716 14727
14660 14662 14630 14632 14634 14671 14673 14676 14713 14681 14683 14686 14689 14692 14695 14664 14701 14703 14706 14709 14677 14680 14717 14685 14653 14655 14693 14695 14733 14735 14738 14740 14674 14676 14644 14647 14649 14686 14689 14692 14660 14662 14665 14703 14705 14707 14710 14713 14681 14719 14721 14724 14727 14730 14733 14736 14739 14777 14745 14782 14786 14754 14757 14759 14762 14765 14768 14738 14743 14744 14751 14755 14724 14727 14729 14736 14704 14713 14721 14716 14732 14727 14688 14725 14740 14779 14718 14711 14718
14626 14663 14665 14667 14635 14672 14674 14711 14678 14716 14718 14721 14689 14692 14695 14699 14701 14669 14706 14709 14712 14715 14683 14685 14688 14656 14693 14661 14699 14736 14739 14741 14743 14711 14679 14682 14684 14687 14689 14692 14695 14733 14701 14703 14706 14708 14711 14714 14716 14684 14687 14690 14693 14696 14699 14702 14705 14708 14711 14748 14786 14754 14757 14760 14762 14765 14768 14736 14741 14708 14748 14714 14718 14722 14729 14702 14704 14713 14713 14720 14724 14688 14719 14725 14700 14740 14754 14742 14711
14628 14629 14631 14633 14670 14707 14674 14677 14679 14716 14684 14687 14724 14727 14730 14699 14702 14704 14707 14675 14712 14680 14718 14720 14688 14726 14728 14696 14699 14736 14739 14742 14744 14746 14714 14682 14685 14687 14690 14693 14695 14698 14701 14703 14706 14709 14711 14714 14682 14685 14688 14691 14694 14732 14735 14703 14706 14708 14711 14714 14752 14754 14757 14725 14728 14765 14768 14770 14739 14743 14744 14713 14717 14688 14694 14697 14704 14710 14707 14716 14717 14718 14718 14758 14732 14701 14709 14739 14742
14627 14595 14632 14634 14670 14673 14710 14677 14645 14647 14684 14722 14725 14727 14730 14733 14702 14705 14673 14675 14713 14681 14683 14686 14689 14691 14694 14697 14699 14736 14774 14777 14745 14713 14715 14683 14720 14723 14691 14693 14696 14699 14701 14669 14707 14709 14712 14715 14683 14686 14689 14692 14729 14732 14735 14773 14741 14709 14712 14714 14752 14755 14757 14760 14728 14731 14733 14736 14739 14742 14745 14783 14717 14720 14691 14694 14698 14704 14739 14743 14716 14714 14752 14757 14766 14733 14737 14736 14774
14628 14631 14597 14599 14671 14708 14710 14712 14715 14717 14685 14687 14725 14763 14766 14734 14737 14740 14673 14676 14678 14681 14684 14686 14689 14726 14729 14697 14700 14772 14774 14742 14745 14713 14716 14718 14721 14688 14656 14694 14696 14699 14667 14705 14742 14745 14747 14750 14718 14721 14724 14727 14765 14767 14770 14773 14776 14744 14747 14715 14718 14755 14758 14761 14728 14696 14699 14702 14704 14707 14745 14783 14786 14755 14724 14692 14697 14702 14738 14776 14779 14747 14785 14756 14725 14730 14769 14735 14740
14660 14629 14633 14635 14670 14673 14710 14678 14715 14717 14755 14757 14760 14763 14731 14734 14737 14740 14708 14711 14714 14716 14719 14687 14690 14692 14729 14732 14770 14807 14810 14778 14746 14749 14751 14754 14721 14724 14726 14729 14697 14700 14702 14705 14708 14711 14713 14716 14719 14722 14759 14727 14765 14768 14770 14774 14776 14779 14782 14750 14753 14756 14758 14726 14694 14731 14734 14737 14739 14742 14745 14783 14751 14755 14758 14726 14765 14768 14807 14810 14814 14816 14819 14790 14793 14798 14802 14805 14778
14664 14665 14667 14634 14671 14673 14675 14678 14715 14718 14720 14723 14761 14763 14732 14734 14702 14705 14743 14747 14714 14682 14685 14687 14690 14693 14695 14698 14735 14738 14706 14709 14712 14749 14752 14754 14757 14759 14727 14730 14732 14735 14738 14706 14708 14711 14749 14751 14754 14722 14725 14728 14731 14768 14771 14774 14777 14780 14782 14785 14788 14756 14759 14761 14729 14732 14734 14737 14740 14743 14746 14748 14786 14790 14758 14762 14800 14804 14807 14810 14813 14817 14786 14789 14792 14797 14768 14739 14753
14699 14700 14703 14740 14672 14639 14641 14678 14681 14683 14721 14758 14692 14764 14767 14700 14703 14706 14709 14678 14714 14717 14650 14653 14656 14658 14661 14698 14701 14669 14776 14744 14712 14680 14682 14720 14757 14759 14762 14765 14733 14736 14738 14741 14709 14677 14714 14752 14754 14723 14726 14728 14731 14699 14737 14774 14777 14780 14783 14785 14753 14791 14794 14762 14764 14732 14735 14703 14740 14743 14781 14784 14787 14790 14795 14798 14801 14804 14806 14844 14814 14817 14820 14824 14794 14800 14773 14779 14789
14665 14703 14703 14704 14707 14709 14676 14678 14681 14684 14721 14724 14762 14764 14733 14770 14738 14706 14709 14713 14715 14683 14685 14653 14656 14659 14662 14664 14667 14669 14672 14709 14747 14715 14717 14720 14723 14760 14763 14766 14768 14736 14739 14742 14744 14712 14715 14718 14720 14723 14726 14694 14697 14734 14737 14775 14778 14780 14783 14786 14789 14791 14759 14762 14765 14733 14735 14738 14741 14744 14781 14784 14787 14791 14795 14798 14800 14803 14806 14810 14814 14817 14820 14789 14795 14802 14811 14786 14764
14700 14701 14704 14705 14742 14744 14711 14714 14751 14719 14722 14725 14762 14730 14733 14736 14739 14707 14745 14713 14716 14683 14686 14654 14656 14624 14627 14630 14633 14635 14673 14710 14713 14715 14683 14721 14758 14761 14763 14766 14734 14737 14739 14742 14710 14713 14715 14718 14721 14689 14692 14694 14697 14700 14703 14775 14778 14781 14783 14786 14789 14792 14794 14762 14730 14768 14736 14739 14776 14779 14747 14750 14788 14757 14795 14798 14801 14804 14807 14811 14814 14818 14821 14825 14797 14839 14849 14793 14768
14666 14668 14704 14742 14743 14744 14781 14749 14751 14720 14688 14725 14728 14696 14699 14702 14704 14742 14745 14714 14716 14718 14721 14654 14657 14625 14628 14665 14702 14671 14673 14676 14678 14681 14684 14721 14724 14727 14729 14732 14735 14703 14740 14743 14746 14748 14751 14754 14722 14724 14727 14695 14698 14735 14738 14776 14778 14816 14819 14752 14754 14757 14760 14763 14766 14768 14736 14774 14812 14814 14817 14821 14789 14792 14795 14798 14836 14874 14844 14847 14850 14853 14857 14827 14799 14805 14781 14834 14841
14700 14702 14704 14742 14744 14779 14712 14714 14717 14755 14758 14760 14763 14766 14770 14772 14774 14743 14711 14714 14682 14684 14652 14620 14623 14660 14663 14665 14668 14671 14674 14711 14713 14716 14719 14721 14724 14727 14765 14733 14735 14738 14741 14743 14746 14749 14751 14719 14722 14725 14728 14696 14698 14736 14738 14741 14744 14747 14784 14787 14755 14758 14761 14763 14766 14769 14772 14775 14777 14780 14818 14786 14789 14793 14761 14798 14837 14840 14843 14847 14850 14854 14857 14792 14833 14807 14820 14797 14770
14703 14703 14704 14740 14743 14745 14747 14750 14718 14721 14723 14726 14764 14801 14769 14772 14775 14778 14781 14749 14752 14754 14687 14655 14658 14626 14629 14631 14669 14671 14709 14677 14679 14682 14685 14687 14725 14728 14731 14733 14771 14773 14776 14779 14782 14784 14752 14755 14758 14760 14763 14731 14734 14736 14739 14742 14744 14747 14750 14753 14756 14758 14761 14764 14801 14804 14807 14810 14813 14816 14819 14822 14825 14793 14796 14834 14837 14841 14879 14883 14885 14854 14821 14791 14801 14815 14784 14794 14805
14737 14738 14740 14742 14743 14745 14748 14716 14719 14721 14724 14727 14730 14732 14770 14773 14741 14744 14712 14715 14717 14720 14688 14656 14659 14626 14595 14597 14634 14672 14674 14677 14680 14683 14685 14688 14691 14693 14731 14734 14771 14809 14777 14780 14782 14785 14788 14790 14793 14761 14763 14731 14734 14737 14774 14777 14745 14713 14751 14753 14722 14759 14796 14799 14802 14805 14808 14845 14848 14851 14854 14857 14860 14863 14866 14868 14871 14874 14843 14847 14885 14888 14857 14831 14797 14803 14810 14825 14835
14740 14740 14740 14742 14744 14711 14748 14751 14754 14722 14725 14727 14730 14733 14736 14773 14776 14779 14747 14715 14649 14651 14654 14657 14625 14627 14630 14598 14600 14603 14675 14712 14715 14683 14686 14688 14691 14694 14697 14734 14772 14810 14812 14815 14783 14786 14788 14791 14759 14796 14764 14767 14770 14772 14740 14743 14780 14748 14751 14754 14722 14725 14762 14765 14802 14805 14808 14811 14849 14852 14854 14857 14860 14863 14866 14869 14871 14875 14878 14846 14849 14888 14894 14864 14831 14835 14840 14847 14852
